     1	General Fund Balance Analysis
     2	
     3	February 2026 Forecast
     4	
     5	Comparisons to November 2025 Forecast
     6	Expenditures by Omnibus Bill - Summary
     7	2026-27 Biennium
     8	2028-29 Biennium
     9	February 27, 2026
    10	
    11	Table of Contents
    12	Page
    13	Summary of Resources and Expenditures
    14	
    15	1
    16	
    17	Revenues/Resources
    18	Non-Dedicated
    19	Dedicated
    20	Transfers From Other Funds
    21	Prior Year Adjustments
    22	
    23	2
    24	3
    25	3
    26	3
    27	
    28	Expenditures/Uses
    29	E-12 Education
    30	Higher Education
    31	Property Tax Aids & Credits
    32	Health & Human Services
    33	Public Safety & Judiciary
    34	Transportation
    35	Environment and Energy
    36	Jobs, Commerce, Ag and Housing
    37	State Government & Veterans
    38	Debt Service
    39	Capital Projects & Grants
    40	Cancellation Estimates
    41	Estimated Inflation
    42	
    43	3
    44	4
    45	4
    46	6
    47	7
    48	7
    49	8
    50	8
    51	9
    52	10
    53	11
    54	11
    55	11
    56	
    57	Reserves
    58	
    59	11
    60	
    61	General Fund - Fund Balance Analysis
    62	
    63	($ in Thousands)
    64	
    65	Nov
    66	
    67	Nov
    68	
    69	Feb
    70	
    71	Feb
    72	
    73	Feb
    74	
    75	Feb vs Nov
    76	
    77	Feb
    78	
    79	Feb
    80	
    81	Feb
    82	
    83	Feb vs Nov
    84	
    85	FY 2026-27
    86	
    87	FY 2028-29
    88	
    89	FY 2026
    90	
    91	FY 2027
    92	
    93	FY 2026-27
    94	
    95	FY 2026-27
    96	
    97	FY 2028
    98	
    99	FY 2029
   100	
   101	FY 2028-29
   102	
   103	FY 2028-29
   104	
   105	FY 2028-29 vs
   106	FY 2026-27
   107	
   108	General Fund Summary
   109	Actual & Estimated Resources
   110	Balance Forward From Prior Year
   111	
   112	10,272,943
   113	
   114	6,236,838
   115	
   116	10,272,943
   117	
   118	8,323,326
   119	
   120	10,272,943
   121	
   122	0
   123	
   124	7,505,836
   125	
   126	6,009,104
   127	
   128	7,505,836
   129	
   130	Tax Revenues
   131	
   132	63,191,173
   133	
   134	65,480,300
   135	
   136	31,716,726
   137	
   138	32,584,952
   139	
   140	64,301,678
   141	
   142	1,110,505
   143	
   144	33,227,279
   145	
   146	34,503,813
   147	
   148	Non-Tax Revenues
   149	
   150	2,611,973
   151	
   152	2,176,940
   153	
   154	1,514,263
   155	
   156	1,188,670
   157	
   158	2,702,933
   159	
   160	90,960
   161	
   162	1,103,909
   163	
   164	65,803,146
   165	
   166	67,657,240
   167	
   168	33,230,989
   169	
   170	33,773,622
   171	
   172	67,004,611
   173	
   174	1,201,465
   175	
   176	3,213
   177	
   178	3,198
   179	
   180	1,614
   181	
   182	1,599
   183	
   184	3,213
   185	
   186	0
   187	
   188	388,606
   189	
   190	60,308
   191	
   192	358,471
   193	
   194	30,135
   195	
   196	388,606
   197	
   198	Current Resources:
   199	
   200	Subtotal Non-Dedicated Revenues
   201	Dedicated Revenue
   202	Transfers From Other Funds
   203	Prior Year Adjustments
   204	
   205	1,268,998
   206	
   207	-2,767,107
   208	
   209	67,731,092
   210	
   211	2,250,792
   212	
   213	3,429,414
   214	
   215	1,042,896
   216	
   217	2,146,805
   218	
   219	-30,135
   220	
   221	-556,128
   222	
   223	34,331,188
   224	
   225	35,546,709
   226	
   227	69,877,897
   228	
   229	2,220,657
   230	
   231	2,873,286
   232	
   233	1,599
   234	
   235	1,599
   236	
   237	3,198
   238	
   239	0
   240	
   241	-15
   242	
   243	0
   244	
   245	30,139
   246	
   247	30,169
   248	
   249	60,308
   250	
   251	0
   252	
   253	-328,298
   254	
   255	-845,635
   256	
   257	2,250,792
   258	
   259	67,487
   260	
   261	65,771
   262	
   263	34,016
   264	
   265	33,471
   266	
   267	67,487
   268	
   269	0
   270	
   271	33,081
   272	
   273	32,690
   274	
   275	65,771
   276	
   277	0
   278	
   279	-1,716
   280	
   281	Subtotal Other Revenue
   282	
   283	459,306
   284	
   285	129,277
   286	
   287	394,101
   288	
   289	65,205
   290	
   291	459,306
   292	
   293	0
   294	
   295	64,819
   296	
   297	64,458
   298	
   299	129,277
   300	
   301	0
   302	
   303	-330,029
   304	
   305	Subtotal Current Resources
   306	
   307	66,262,452
   308	
   309	67,786,517
   310	
   311	33,625,090
   312	
   313	33,838,827
   314	
   315	67,463,917
   316	
   317	1,201,465
   318	
   319	34,396,007
   320	
   321	35,611,167
   322	
   323	70,007,174
   324	
   325	2,220,657
   326	
   327	2,543,257
   328	
   329	Total Resources Available
   330	
   331	76,535,395
   332	
   333	74,023,355
   334	
   335	43,898,033
   336	
   337	42,162,153
   338	
   339	77,736,860
   340	
   341	1,201,465
   342	
   343	41,901,843
   344	
   345	41,620,271
   346	
   347	77,513,010
   348	
   349	3,489,655
   350	
   351	-223,850
   352	
   353	E-12 Education
   354	
   355	25,869,108
   356	
   357	27,167,829
   358	
   359	12,762,325
   360	
   361	13,217,417
   362	
   363	25,979,742
   364	
   365	110,634
   366	
   367	13,492,018
   368	
   369	13,932,845
   370	
   371	27,424,863
   372	
   373	257,034
   374	
   375	1,445,121
   376	
   377	Higher Education
   378	
   379	4,015,828
   380	
   381	3,976,742
   382	
   383	2,016,624
   384	
   385	1,999,204
   386	
   387	4,015,828
   388	
   389	0
   390	
   391	1,988,371
   392	
   393	1,988,371
   394	
   395	3,976,742
   396	
   397	0
   398	
   399	-39,086
   400	
   401	Property Tax Aids & Credits
   402	
   403	4,840,970
   404	
   405	5,046,409
   406	
   407	2,352,851
   408	
   409	2,470,204
   410	
   411	4,823,055
   412	
   413	-17,915
   414	
   415	2,500,155
   416	
   417	2,543,400
   418	
   419	5,043,555
   420	
   421	-2,854
   422	
   423	220,500
   424	
   425	Health & Human Services
   426	
   427	25,808,265
   428	
   429	27,633,326
   430	
   431	12,831,353
   432	
   433	12,814,945
   434	
   435	25,646,298
   436	
   437	-161,967
   438	
   439	13,302,875
   440	
   441	14,131,658
   442	
   443	27,434,533
   444	
   445	-198,793
   446	
   447	1,788,235
   448	
   449	Public Safety & Judiciary
   450	
   451	3,640,627
   452	
   453	3,505,311
   454	
   455	1,891,448
   456	
   457	1,749,532
   458	
   459	3,640,627
   460	
   461	353
   462	
   463	1,755,155
   464	
   465	1,750,156
   466	
   467	3,505,311
   468	
   469	0
   470	
   471	-135,316
   472	
   473	Transportation
   474	
   475	917,728
   476	
   477	487,482
   478	
   479	719,705
   480	
   481	201,486
   482	
   483	921,191
   484	
   485	3,463
   486	
   487	239,432
   488	
   489	248,000
   490	
   491	487,432
   492	
   493	-50
   494	
   495	-433,759
   496	
   497	Environment and Energy
   498	
   499	711,149
   500	
   501	469,865
   502	
   503	477,854
   504	
   505	232,970
   506	
   507	711,177
   508	
   509	-325
   510	
   511	234,259
   512	
   513	235,631
   514	
   515	469,890
   516	
   517	25
   518	
   519	-241,287
   520	
   521	Jobs, Commerce, Ag and Housing
   522	
   523	1,144,090
   524	
   525	775,513
   526	
   527	750,230
   528	
   529	393,818
   530	
   531	1,144,048
   532	
   533	-42
   534	
   535	387,412
   536	
   537	388,032
   538	
   539	775,444
   540	
   541	-69
   542	
   543	-368,604
   544	
   545	State Government & Veterans
   546	
   547	1,993,077
   548	
   549	1,794,310
   550	
   551	1,100,437
   552	
   553	892,434
   554	
   555	1,992,871
   556	
   557	-206
   558	
   559	907,626
   560	
   561	883,234
   562	
   563	1,790,860
   564	
   565	-3,450
   566	
   567	-202,011
   568	
   569	Debt Service
   570	
   571	1,164,691
   572	
   573	1,218,217
   574	
   575	550,289
   576	
   577	613,234
   578	
   579	1,163,523
   580	
   581	-1,168
   582	
   583	613,073
   584	
   585	601,879
   586	
   587	1,214,952
   588	
   589	-3,265
   590	
   591	51,429
   592	
   593	Capital Projects & Grants
   594	
   595	292,024
   596	
   597	300,788
   598	
   599	144,590
   600	
   601	147,074
   602	
   603	291,664
   604	
   605	-360
   606	
   607	148,876
   608	
   609	151,494
   610	
   611	300,370
   612	
   613	-418
   614	
   615	8,706
   616	
   617	Cancellation Estimates
   618	
   619	-99,000
   620	
   621	-99,000
   622	
   623	-23,000
   624	
   625	-76,000
   626	
   627	-99,000
   628	
   629	0
   630	
   631	-23,000
   632	
   633	-76,000
   634	
   635	-99,000
   636	
   637	0
   638	
   639	0
   640	
   641	Subtotal by Appropriation Bill
   642	
   643	70,298,557
   644	
   645	72,276,792
   646	
   647	35,574,707
   648	
   649	34,656,318
   650	
   651	70,231,024
   652	
   653	-67,533
   654	
   655	35,546,252
   656	
   657	36,778,700
   658	
   659	72,324,952
   660	
   661	48,160
   662	
   663	2,093,928
   664	
   665	Total Expenditures & Transfers
   666	
   667	70,298,557
   668	
   669	72,276,792
   670	
   671	35,574,707
   672	
   673	34,656,318
   674	
   675	70,231,024
   676	
   677	-67,533
   678	
   679	35,546,252
   680	
   681	36,778,700
   682	
   683	72,324,952
   684	
   685	48,160
   686	
   687	2,093,928
   688	
   689	Estimated Inflation for FY2028-29 Biennnial Budget
   690	
   691	0
   692	
   693	935,265
   694	
   695	0
   696	
   697	0
   698	
   699	0
   700	
   701	0
   702	
   703	346,487
   704	
   705	692,483
   706	
   707	1,038,970
   708	
   709	103,705
   710	
   711	1,038,970
   712	
   713	Estimated Inflation
   714	
   715	0
   716	
   717	935,265
   718	
   719	0
   720	
   721	0
   722	
   723	0
   724	
   725	0
   726	
   727	346,487
   728	
   729	692,483
   730	
   731	1,038,970
   732	
   733	103,705
   734	
   735	1,038,970
   736	
   737	70,298,557
   738	
   739	73,212,057
   740	
   741	35,574,707
   742	
   743	34,656,318
   744	
   745	70,231,024
   746	
   747	-67,533
   748	
   749	35,892,739
   750	
   751	37,471,183
   752	
   753	73,363,922
   754	
   755	151,865
   756	
   757	3,132,898
   758	
   759	Balance Before Reserves
   760	
   761	6,236,838
   762	
   763	811,298
   764	
   765	8,323,326
   766	
   767	7,505,836
   768	
   769	7,505,836
   770	
   771	1,268,998
   772	
   773	6,009,104
   774	
   775	4,149,087
   776	
   777	4,149,087
   778	
   779	3,337,789
   780	
   781	-3,356,748
   782	
   783	Cash Flow Account
   784	
   785	350,000
   786	
   787	350,000
   788	
   789	350,000
   790	
   791	350,000
   792	
   793	350,000
   794	
   795	0
   796	
   797	350,000
   798	
   799	350,000
   800	
   801	350,000
   802	
   803	0
   804	
   805	0
   806	
   807	Budget Reserve
   808	
   809	3,421,764
   810	
   811	3,421,764
   812	
   813	3,421,764
   814	
   815	3,421,764
   816	
   817	3,421,764
   818	
   819	0
   820	
   821	3,421,764
   822	
   823	3,421,764
   824	
   825	3,421,764
   826	
   827	0
   828	
   829	0
   830	
   831	Budgetary Balance
   832	
   833	2,465,074
   834	
   835	-2,960,466
   836	
   837	4,551,562
   838	
   839	3,734,072
   840	
   841	3,734,072
   842	
   843	1,268,998
   844	
   845	2,237,340
   846	
   847	377,323
   848	
   849	377,323
   850	
   851	3,337,789
   852	
   853	-3,356,748
   854	
   855	Actual & Estimated Expenditures
   856	
   857	Total Expenditures & Transfers with Inflation
   858	
   859	Feb 27, 2026
   860	
   861	Minnesota Management Budget
   862	
   863	Page 1 of 11
   864	
   865	General Fund - Fund Balance Analysis
   866	
   867	($ in Thousands)
   868	
   869	Nov
   870	
   871	Nov
   872	
   873	Feb
   874	
   875	Feb
   876	
   877	Feb
   878	
   879	Feb vs Nov
   880	
   881	Feb
   882	
   883	Feb
   884	
   885	Feb
   886	
   887	Feb vs Nov
   888	
   889	FY 2026-27
   890	
   891	FY 2028-29
   892	
   893	FY 2026
   894	
   895	FY 2027
   896	
   897	FY 2026-27
   898	
   899	FY 2026-27
   900	
   901	FY 2028
   902	
   903	FY 2029
   904	
   905	FY 2028-29
   906	
   907	FY 2028-29
   908	
   909	FY 2028-29 vs
   910	FY 2026-27
   911	
   912	Non-Dedicated Revenue
   913	Tax Revenues:
   914	Individual Income
   915	
   916	34,512,553
   917	
   918	35,515,163
   919	
   920	17,350,648
   921	
   922	17,826,671
   923	
   924	35,177,319
   925	
   926	664,766
   927	
   928	18,258,523
   929	
   930	19,236,533
   931	
   932	37,495,056
   933	
   934	1,979,893
   935	
   936	Corporate Income
   937	
   938	6,271,738
   939	
   940	6,376,549
   941	
   942	3,302,421
   943	
   944	3,305,588
   945	
   946	6,608,009
   947	
   948	336,271
   949	
   950	3,283,374
   951	
   952	3,326,174
   953	
   954	6,609,548
   955	
   956	232,999
   957	
   958	1,539
   959	
   960	166,000
   961	
   962	303,800
   963	
   964	37,700
   965	
   966	74,500
   967	
   968	112,200
   969	
   970	-53,800
   971	
   972	107,500
   973	
   974	140,700
   975	
   976	248,200
   977	
   978	-55,600
   979	
   980	136,000
   981	
   982	Sales Tax-General
   983	
   984	15,796,700
   985	
   986	16,461,521
   987	
   988	7,808,831
   989	
   990	8,074,490
   991	
   992	15,883,321
   993	
   994	86,621
   995	
   996	8,213,437
   997	
   998	8,357,000
   999	
  1000	16,570,437
  1001	
  1002	108,916
  1003	
  1004	687,116
  1005	
  1006	Statewide Property Tax
  1007	
  1008	1,479,654
  1009	
  1010	1,486,001
  1011	
  1012	731,259
  1013	
  1014	740,372
  1015	
  1016	1,471,631
  1017	
  1018	-8,023
  1019	
  1020	741,116
  1021	
  1022	741,867
  1023	
  1024	1,482,983
  1025	
  1026	-3,018
  1027	
  1028	11,352
  1029	
  1030	Estate & Gift Tax
  1031	
  1032	618,000
  1033	
  1034	652,100
  1035	
  1036	332,400
  1037	
  1038	308,400
  1039	
  1040	640,800
  1041	
  1042	22,800
  1043	
  1044	321,500
  1045	
  1046	334,700
  1047	
  1048	656,200
  1049	
  1050	4,100
  1051	
  1052	15,400
  1053	
  1054	Liquor, Wine, Beer
  1055	
  1056	227,500
  1057	
  1058	238,320
  1059	
  1060	111,550
  1061	
  1062	113,830
  1063	
  1064	225,380
  1065	
  1066	-2,120
  1067	
  1068	116,610
  1069	
  1070	119,390
  1071	
  1072	236,000
  1073	
  1074	-2,320
  1075	
  1076	10,620
  1077	
  1078	Cigarette & Tobacco Products
  1079	
  1080	994,000
  1081	
  1082	972,500
  1083	
  1084	503,700
  1085	
  1086	500,600
  1087	
  1088	1,004,300
  1089	
  1090	10,300
  1091	
  1092	496,400
  1093	
  1094	492,400
  1095	
  1096	988,800
  1097	
  1098	16,300
  1099	
  1100	-15,500
  1101	
  1102	Cannabis Gross Receipts Tax
  1103	
  1104	2,317,737
  1105	
  1106	Taconite Occupation
  1107	
  1108	11,400
  1109	
  1110	13,400
  1111	
  1112	5,400
  1113	
  1114	6,600
  1115	
  1116	12,000
  1117	
  1118	600
  1119	
  1120	6,400
  1121	
  1122	6,400
  1123	
  1124	12,800
  1125	
  1126	-600
  1127	
  1128	800
  1129	
  1130	Mortgage Registry Tax
  1131	
  1132	284,196
  1133	
  1134	310,839
  1135	
  1136	149,175
  1137	
  1138	151,862
  1139	
  1140	301,037
  1141	
  1142	16,841
  1143	
  1144	152,586
  1145	
  1146	156,295
  1147	
  1148	308,881
  1149	
  1150	-1,958
  1151	
  1152	7,844
  1153	
  1154	Deed Transfer Tax
  1155	Insurance Gross Earnings
  1156	Controlled Substance Tax
  1157	
  1158	336,688
  1159	
  1160	397,404
  1161	
  1162	165,372
  1163	
  1164	186,671
  1165	
  1166	352,043
  1167	
  1168	15,355
  1169	
  1170	203,385
  1171	
  1172	217,655
  1173	
  1174	421,040
  1175	
  1176	23,636
  1177	
  1178	68,997
  1179	
  1180	1,277,570
  1181	
  1182	1,390,122
  1183	
  1184	635,524
  1185	
  1186	664,449
  1187	
  1188	1,299,973
  1189	
  1190	22,403
  1191	
  1192	689,240
  1193	
  1194	716,881
  1195	
  1196	1,406,121
  1197	
  1198	15,999
  1199	
  1200	106,148
  1201	0
  1202	
  1203	2
  1204	
  1205	2
  1206	
  1207	0
  1208	
  1209	0
  1210	
  1211	0
  1212	
  1213	-2
  1214	
  1215	0
  1216	
  1217	0
  1218	
  1219	0
  1220	
  1221	-2
  1222	
  1223	110
  1224	
  1225	110
  1226	
  1227	55
  1228	
  1229	55
  1230	
  1231	110
  1232	
  1233	0
  1234	
  1235	55
  1236	
  1237	55
  1238	
  1239	110
  1240	
  1241	0
  1242	
  1243	0
  1244	
  1245	Lawful Gambling Taxes
  1246	
  1247	396,400
  1248	
  1249	406,700
  1250	
  1251	196,700
  1252	
  1253	200,800
  1254	
  1255	397,500
  1256	
  1257	1,100
  1258	
  1259	202,800
  1260	
  1261	204,400
  1262	
  1263	407,200
  1264	
  1265	500
  1266	
  1267	9,700
  1268	
  1269	Medical Assistance Surcharges
  1270	
  1271	831,764
  1272	
  1273	969,271
  1274	
  1275	392,192
  1276	
  1277	436,665
  1278	
  1279	828,857
  1280	
  1281	-2,907
  1282	
  1283	441,054
  1284	
  1285	460,164
  1286	
  1287	901,218
  1288	
  1289	-68,053
  1290	
  1291	72,361
  1292	
  1293	All Other Tax Refunds
  1294	
  1295	-13,102
  1296	
  1297	-13,502
  1298	
  1299	-6,201
  1300	
  1301	-6,601
  1302	
  1303	-12,802
  1304	
  1305	300
  1306	
  1307	-6,701
  1308	
  1309	-6,801
  1310	
  1311	-13,502
  1312	
  1313	0
  1314	
  1315	-700
  1316	
  1317	63,191,173
  1318	
  1319	65,480,300
  1320	
  1321	31,716,726
  1322	
  1323	32,584,952
  1324	
  1325	64,301,678
  1326	
  1327	1,110,505
  1328	
  1329	33,227,279
  1330	
  1331	34,503,813
  1332	
  1333	67,731,092
  1334	
  1335	2,250,792
  1336	
  1337	3,429,414
  1338	
  1339	Investment Income
  1340	
  1341	858,800
  1342	
  1343	367,000
  1344	
  1345	588,000
  1346	
  1347	350,000
  1348	
  1349	938,000
  1350	
  1351	79,200
  1352	
  1353	184,600
  1354	
  1355	182,400
  1356	
  1357	367,000
  1358	
  1359	0
  1360	
  1361	-571,000
  1362	
  1363	Lottery Revenue
  1364	
  1365	150,574
  1366	
  1367	154,918
  1368	
  1369	80,620
  1370	
  1371	76,681
  1372	
  1373	157,301
  1374	
  1375	6,727
  1376	
  1377	77,757
  1378	
  1379	77,757
  1380	
  1381	155,514
  1382	
  1383	596
  1384	
  1385	-1,787
  1386	
  1387	Tobacco Settlements
  1388	
  1389	295,440
  1390	
  1391	345,717
  1392	
  1393	149,187
  1394	
  1395	140,836
  1396	
  1397	290,023
  1398	
  1399	-5,417
  1400	
  1401	201,957
  1402	
  1403	136,776
  1404	
  1405	338,733
  1406	
  1407	-6,984
  1408	
  1409	48,710
  1410	
  1411	Elective Pay
  1412	
  1413	4,359
  1414	
  1415	0
  1416	
  1417	2,518
  1418	
  1419	1,841
  1420	
  1421	4,359
  1422	
  1423	0
  1424	
  1425	0
  1426	
  1427	0
  1428	
  1429	0
  1430	
  1431	0
  1432	
  1433	-4,359
  1434	
  1435	Tyler Settlement County Reimbursement
  1436	
  1437	13,814
  1438	
  1439	0
  1440	
  1441	6,907
  1442	
  1443	6,907
  1444	
  1445	13,814
  1446	
  1447	0
  1448	
  1449	0
  1450	
  1451	0
  1452	
  1453	0
  1454	
  1455	0
  1456	
  1457	-13,814
  1458	
  1459	Departmental Earnings
  1460	
  1461	503,617
  1462	
  1463	585,133
  1464	
  1465	243,482
  1466	
  1467	267,388
  1468	
  1469	510,870
  1470	
  1471	7,253
  1472	
  1473	292,210
  1474	
  1475	290,295
  1476	
  1477	582,505
  1478	
  1479	-2,628
  1480	
  1481	71,635
  1482	
  1483	DHS MSOP Collections
  1484	
  1485	47,400
  1486	
  1487	47,400
  1488	
  1489	23,700
  1490	
  1491	23,700
  1492	
  1493	47,400
  1494	
  1495	0
  1496	
  1497	23,700
  1498	
  1499	23,700
  1500	
  1501	47,400
  1502	
  1503	0
  1504	
  1505	0
  1506	
  1507	DHS SOS Collections
  1508	
  1509	278,112
  1510	
  1511	278,690
  1512	
  1513	119,000
  1514	
  1515	119,000
  1516	
  1517	238,000
  1518	
  1519	-40,112
  1520	
  1521	119,000
  1522	
  1523	130,830
  1524	
  1525	249,830
  1526	
  1527	-28,860
  1528	
  1529	11,830
  1530	
  1531	Fines & Surcharges
  1532	
  1533	135,957
  1534	
  1535	136,461
  1536	
  1537	67,914
  1538	
  1539	68,470
  1540	
  1541	136,384
  1542	
  1543	427
  1544	
  1545	68,270
  1546	
  1547	68,050
  1548	
  1549	136,320
  1550	
  1551	-141
  1552	
  1553	-64
  1554	
  1555	Subtotal Fees
  1556	
  1557	965,086
  1558	
  1559	1,047,684
  1560	
  1561	454,096
  1562	
  1563	478,558
  1564	
  1565	932,654
  1566	
  1567	-32,432
  1568	
  1569	503,180
  1570	
  1571	512,875
  1572	
  1573	1,016,055
  1574	
  1575	-31,629
  1576	
  1577	83,401
  1578	
  1579	323,900
  1580	
  1581	261,621
  1582	
  1583	232,935
  1584	
  1585	133,847
  1586	
  1587	366,782
  1588	
  1589	42,882
  1590	
  1591	136,415
  1592	
  1593	133,088
  1594	
  1595	269,503
  1596	
  1597	7,882
  1598	
  1599	-97,279
  1600	
  1601	323,900
  1602	
  1603	261,621
  1604	
  1605	232,935
  1606	
  1607	133,847
  1608	
  1609	366,782
  1610	
  1611	42,882
  1612	
  1613	136,415
  1614	
  1615	133,088
  1616	
  1617	269,503
  1618	
  1619	7,882
  1620	
  1621	-97,279
  1622	
  1623	2,611,973
  1624	
  1625	2,176,940
  1626	
  1627	1,514,263
  1628	
  1629	1,188,670
  1630	
  1631	2,702,933
  1632	
  1633	90,960
  1634	
  1635	1,103,909
  1636	
  1637	1,042,896
  1638	
  1639	2,146,805
  1640	
  1641	-30,135
  1642	
  1643	-556,128
  1644	
  1645	Other Gross Earnings
  1646	
  1647	Subtotal Tax Revenues
  1648	Non-Tax Revenues:
  1649	
  1650	Fees:
  1651	
  1652	Other Non-Dedicated Revenue:
  1653	All Other Non-Dedicated Revenue
  1654	Subtotal Other Non-Dedicated Revenue
  1655	Subtotal Non-Tax Revenues
  1656	
  1657	Feb 27, 2026
  1658	
  1659	Minnesota Management Budget
  1660	
  1661	Page 2 of 11
  1662	
  1663	General Fund - Fund Balance Analysis
  1664	
  1665	($ in Thousands)
  1666	
  1667	Nov
  1668	
  1669	Nov
  1670	
  1671	Feb
  1672	
  1673	Feb
  1674	
  1675	Feb
  1676	
  1677	Feb vs Nov
  1678	
  1679	Feb
  1680	
  1681	Feb
  1682	
  1683	Feb
  1684	
  1685	Feb vs Nov
  1686	
  1687	FY 2026-27
  1688	
  1689	FY 2028-29
  1690	
  1691	FY 2026
  1692	
  1693	FY 2027
  1694	
  1695	FY 2026-27
  1696	
  1697	FY 2026-27
  1698	
  1699	FY 2028
  1700	
  1701	FY 2029
  1702	
  1703	FY 2028-29
  1704	
  1705	FY 2028-29
  1706	
  1707	FY 2028-29 vs
  1708	FY 2026-27
  1709	
  1710	65,803,146
  1711	
  1712	67,657,240
  1713	
  1714	33,230,989
  1715	
  1716	33,773,622
  1717	
  1718	67,004,611
  1719	
  1720	1,201,465
  1721	
  1722	34,331,188
  1723	
  1724	35,546,709
  1725	
  1726	69,877,897
  1727	
  1728	2,220,657
  1729	
  1730	2,873,286
  1731	
  1732	All Other Dedicated Revenues
  1733	
  1734	3,213
  1735	
  1736	3,198
  1737	
  1738	1,614
  1739	
  1740	1,599
  1741	
  1742	3,213
  1743	
  1744	0
  1745	
  1746	1,599
  1747	
  1748	1,599
  1749	
  1750	3,198
  1751	
  1752	0
  1753	
  1754	-15
  1755	
  1756	Total Dedicated Revenue
  1757	
  1758	3,213
  1759	
  1760	3,198
  1761	
  1762	1,614
  1763	
  1764	1,599
  1765	
  1766	3,213
  1767	
  1768	0
  1769	
  1770	1,599
  1771	
  1772	1,599
  1773	
  1774	3,198
  1775	
  1776	0
  1777	
  1778	-15
  1779	
  1780	Special Revenue Funds
  1781	
  1782	2,757
  1783	
  1784	2,752
  1785	
  1786	1,372
  1787	
  1788	1,385
  1789	
  1790	2,757
  1791	
  1792	0
  1793	
  1794	1,372
  1795	
  1796	1,380
  1797	
  1798	2,752
  1799	
  1800	0
  1801	
  1802	-5
  1803	
  1804	All Other Transfers
  1805	
  1806	6,898
  1807	
  1808	7,034
  1809	
  1810	3,445
  1811	
  1812	3,453
  1813	
  1814	6,898
  1815	
  1816	0
  1817	
  1818	3,515
  1819	
  1820	3,519
  1821	
  1822	7,034
  1823	
  1824	0
  1825	
  1826	136
  1827	
  1828	Laws 1997, Transfers In
  1829	
  1830	16,100
  1831	
  1832	16,074
  1833	
  1834	8,028
  1835	
  1836	8,072
  1837	
  1838	16,100
  1839	
  1840	0
  1841	
  1842	8,028
  1843	
  1844	8,046
  1845	
  1846	16,074
  1847	
  1848	0
  1849	
  1850	-26
  1851	
  1852	M.S 16B.24 - Admin FR&R Transfers
  1853	
  1854	8,263
  1855	
  1856	8,104
  1857	
  1858	4,211
  1859	
  1860	4,052
  1861	
  1862	8,263
  1863	
  1864	0
  1865	
  1866	4,052
  1867	
  1868	4,052
  1869	
  1870	8,104
  1871	
  1872	0
  1873	
  1874	-159
  1875	
  1876	Laws 2010, Transfers In
  1877	
  1878	756
  1879	
  1880	764
  1881	
  1882	373
  1883	
  1884	383
  1885	
  1886	756
  1887	
  1888	0
  1889	
  1890	382
  1891	
  1892	382
  1893	
  1894	764
  1895	
  1896	0
  1897	
  1898	8
  1899	
  1900	Laws 2023, Transfer In
  1901	
  1902	284,605
  1903	
  1904	0
  1905	
  1906	284,605
  1907	
  1908	0
  1909	
  1910	284,605
  1911	
  1912	0
  1913	
  1914	0
  1915	
  1916	0
  1917	
  1918	0
  1919	
  1920	0
  1921	
  1922	-284,605
  1923	
  1924	Laws 2025, Transfer In
  1925	
  1926	69,227
  1927	
  1928	25,580
  1929	
  1930	56,437
  1931	
  1932	12,790
  1933	
  1934	69,227
  1935	
  1936	0
  1937	
  1938	12,790
  1939	
  1940	12,790
  1941	
  1942	25,580
  1943	
  1944	0
  1945	
  1946	-43,647
  1947	
  1948	Total Transfers From Other Funds
  1949	
  1950	388,606
  1951	
  1952	60,308
  1953	
  1954	358,471
  1955	
  1956	30,135
  1957	
  1958	388,606
  1959	
  1960	0
  1961	
  1962	30,139
  1963	
  1964	30,169
  1965	
  1966	60,308
  1967	
  1968	0
  1969	
  1970	-328,298
  1971	
  1972	Prior Year Adjustments
  1973	
  1974	67,487
  1975	
  1976	65,771
  1977	
  1978	34,016
  1979	
  1980	33,471
  1981	
  1982	67,487
  1983	
  1984	0
  1985	
  1986	33,081
  1987	
  1988	32,690
  1989	
  1990	65,771
  1991	
  1992	0
  1993	
  1994	-1,716
  1995	
  1996	713,368
  1997	
  1998	Total Net Non-Dedicated Revenue
  1999	
  2000	Dedicated Revenue
  2001	
  2002	Transfers From Other Funds
  2003	
  2004	E-12 Education
  2005	General Education
  2006	
  2007	17,316,936
  2008	
  2009	18,123,160
  2010	
  2011	8,542,039
  2012	
  2013	8,774,520
  2014	
  2015	17,316,559
  2016	
  2017	-377
  2018	
  2019	8,941,008
  2020	
  2021	9,088,919
  2022	
  2023	18,029,927
  2024	
  2025	-93,233
  2026	
  2027	Other General Education Programs
  2028	
  2029	228,701
  2030	
  2031	139,202
  2032	
  2033	161,620
  2034	
  2035	66,149
  2036	
  2037	227,769
  2038	
  2039	-932
  2040	
  2041	67,859
  2042	
  2043	69,859
  2044	
  2045	137,718
  2046	
  2047	-1,484
  2048	
  2049	-90,051
  2050	
  2051	Subtotal General Education
  2052	
  2053	17,545,637
  2054	
  2055	18,262,362
  2056	
  2057	8,703,659
  2058	
  2059	8,840,669
  2060	
  2061	17,544,328
  2062	
  2063	-1,309
  2064	
  2065	9,008,867
  2066	
  2067	9,158,778
  2068	
  2069	18,167,645
  2070	
  2071	-94,717
  2072	
  2073	623,317
  2074	
  2075	Choice Programs
  2076	
  2077	401,845
  2078	
  2079	424,320
  2080	
  2081	198,876
  2082	
  2083	205,675
  2084	
  2085	404,551
  2086	
  2087	2,706
  2088	
  2089	212,116
  2090	
  2091	216,374
  2092	
  2093	428,490
  2094	
  2095	4,170
  2096	
  2097	23,939
  2098	
  2099	Indian Programs
  2100	
  2101	63,391
  2102	
  2103	67,723
  2104	
  2105	29,810
  2106	
  2107	31,696
  2108	
  2109	61,506
  2110	
  2111	-1,885
  2112	
  2113	32,663
  2114	
  2115	33,707
  2116	
  2117	66,370
  2118	
  2119	-1,353
  2120	
  2121	4,864
  2122	
  2123	Education Excellence - Student Opportunities
  2124	
  2125	225,430
  2126	
  2127	214,048
  2128	
  2129	112,996
  2130	
  2131	111,658
  2132	
  2133	224,654
  2134	
  2135	-776
  2136	
  2137	107,551
  2138	
  2139	106,490
  2140	
  2141	214,041
  2142	
  2143	-7
  2144	
  2145	-10,613
  2146	
  2147	Education Excellence - Teacher Opportunities
  2148	Subtotal Education Excellence
  2149	Special Education
  2150	
  2151	404,450
  2152	
  2153	344,269
  2154	
  2155	184,279
  2156	
  2157	219,128
  2158	
  2159	403,407
  2160	
  2161	-1,043
  2162	
  2163	172,193
  2164	
  2165	172,149
  2166	
  2167	344,342
  2168	
  2169	73
  2170	
  2171	-59,065
  2172	
  2173	1,095,116
  2174	
  2175	1,050,360
  2176	
  2177	525,961
  2178	
  2179	568,157
  2180	
  2181	1,094,118
  2182	
  2183	-998
  2184	
  2185	524,523
  2186	
  2187	528,720
  2188	
  2189	1,053,243
  2190	
  2191	2,883
  2192	
  2193	-40,875
  2194	
  2195	5,918,623
  2196	
  2197	6,585,320
  2198	
  2199	2,853,622
  2200	
  2201	3,177,006
  2202	
  2203	6,030,628
  2204	
  2205	112,005
  2206	
  2207	3,327,613
  2208	
  2209	3,607,472
  2210	
  2211	6,935,085
  2212	
  2213	349,765
  2214	
  2215	904,457
  2216	
  2217	Facilities & Technology
  2218	
  2219	239,372
  2220	
  2221	228,821
  2222	
  2223	119,959
  2224	
  2225	118,157
  2226	
  2227	238,116
  2228	
  2229	-1,256
  2230	
  2231	112,979
  2232	
  2233	112,476
  2234	
  2235	225,455
  2236	
  2237	-3,366
  2238	
  2239	-12,661
  2240	
  2241	Nutrition Programs
  2242	
  2243	635,995
  2244	
  2245	665,651
  2246	
  2247	310,904
  2248	
  2249	327,165
  2250	
  2251	638,069
  2252	
  2253	2,074
  2254	
  2255	331,299
  2256	
  2257	337,634
  2258	
  2259	668,933
  2260	
  2261	3,282
  2262	
  2263	30,864
  2264	
  2265	Library Programs
  2266	
  2267	75,559
  2268	
  2269	73,920
  2270	
  2271	38,571
  2272	
  2273	36,945
  2274	
  2275	75,516
  2276	
  2277	-43
  2278	
  2279	36,680
  2280	
  2281	37,059
  2282	
  2283	73,739
  2284	
  2285	-181
  2286	
  2287	-1,777
  2288	
  2289	Early Childhood & Family Support
  2290	
  2291	4,100
  2292	
  2293	3,486
  2294	
  2295	2,357
  2296	
  2297	1,743
  2298	
  2299	4,100
  2300	
  2301	0
  2302	
  2303	1,743
  2304	
  2305	1,743
  2306	
  2307	3,486
  2308	
  2309	0
  2310	
  2311	-614
  2312	
  2313	Community Ed & Prevention
  2314	
  2315	32,675
  2316	
  2317	33,015
  2318	
  2319	15,522
  2320	
  2321	17,324
  2322	
  2323	32,846
  2324	
  2325	171
  2326	
  2327	16,868
  2328	
  2329	15,980
  2330	
  2331	32,848
  2332	
  2333	-167
  2334	
  2335	2
  2336	
  2337	Self-Sufficiency & Lifelong Learning
  2338	
  2339	112,434
  2340	
  2341	118,970
  2342	
  2343	55,505
  2344	
  2345	56,919
  2346	
  2347	112,424
  2348	
  2349	-10
  2350	
  2351	58,484
  2352	
  2353	60,021
  2354	
  2355	118,505
  2356	
  2357	-465
  2358	
  2359	6,081
  2360	
  2361	FY25 Available/Balance Forward - Education, Dept of (Grants)
  2362	Subtotal E-12 Education Aids
  2363	
  2364	Feb 27, 2026
  2365	
  2366	43,101
  2367	
  2368	0
  2369	
  2370	43,101
  2371	
  2372	0
  2373	
  2374	43,101
  2375	
  2376	0
  2377	
  2378	0
  2379	
  2380	0
  2381	
  2382	0
  2383	
  2384	0
  2385	
  2386	-43,101
  2387	
  2388	25,702,612
  2389	
  2390	27,021,905
  2391	
  2392	12,669,161
  2393	
  2394	13,144,085
  2395	
  2396	25,813,246
  2397	
  2398	110,634
  2399	
  2400	13,419,056
  2401	
  2402	13,859,883
  2403	
  2404	27,278,939
  2405	
  2406	257,034
  2407	
  2408	1,465,693
  2409	
  2410	Minnesota Management Budget
  2411	
  2412	Page 3 of 11
  2413	
  2414	General Fund - Fund Balance Analysis
  2415	
  2416	($ in Thousands)
  2417	
  2418	Nov
  2419	
  2420	Nov
  2421	
  2422	Feb
  2423	
  2424	Feb
  2425	
  2426	Feb
  2427	
  2428	Feb vs Nov
  2429	
  2430	Feb
  2431	
  2432	Feb
  2433	
  2434	Feb
  2435	
  2436	Feb vs Nov
  2437	
  2438	FY 2026-27
  2439	
  2440	FY 2028-29
  2441	
  2442	FY 2026
  2443	
  2444	FY 2027
  2445	
  2446	FY 2026-27
  2447	
  2448	FY 2026-27
  2449	
  2450	FY 2028
  2451	
  2452	FY 2029
  2453	
  2454	FY 2028-29
  2455	
  2456	FY 2028-29
  2457	
  2458	FY 2028-29 vs
  2459	FY 2026-27
  2460	
  2461	Education, Dept of
  2462	
  2463	96,125
  2464	
  2465	82,660
  2466	
  2467	54,925
  2468	
  2469	41,200
  2470	
  2471	96,125
  2472	
  2473	0
  2474	
  2475	41,330
  2476	
  2477	41,330
  2478	
  2479	82,660
  2480	
  2481	0
  2482	
  2483	-13,465
  2484	
  2485	Prof Educator Licensing Std Bd.
  2486	
  2487	14,773
  2488	
  2489	9,710
  2490	
  2491	9,418
  2492	
  2493	5,355
  2494	
  2495	14,773
  2496	
  2497	0
  2498	
  2499	4,855
  2500	
  2501	4,855
  2502	
  2503	9,710
  2504	
  2505	0
  2506	
  2507	-5,063
  2508	
  2509	Minn State Academies
  2510	
  2511	37,346
  2512	
  2513	35,908
  2514	
  2515	19,392
  2516	
  2517	17,954
  2518	
  2519	37,346
  2520	
  2521	0
  2522	
  2523	17,954
  2524	
  2525	17,954
  2526	
  2527	35,908
  2528	
  2529	0
  2530	
  2531	-1,438
  2532	
  2533	Perpich Center for Arts Education
  2534	
  2535	18,252
  2536	
  2537	17,646
  2538	
  2539	9,429
  2540	
  2541	8,823
  2542	
  2543	18,252
  2544	
  2545	0
  2546	
  2547	8,823
  2548	
  2549	8,823
  2550	
  2551	17,646
  2552	
  2553	0
  2554	
  2555	-606
  2556	
  2557	25,869,108
  2558	
  2559	27,167,829
  2560	
  2561	12,762,325
  2562	
  2563	13,217,417
  2564	
  2565	25,979,742
  2566	
  2567	110,634
  2568	
  2569	13,492,018
  2570	
  2571	13,932,845
  2572	
  2573	27,424,863
  2574	
  2575	257,034
  2576	
  2577	1,445,121
  2578	
  2579	Total E-12 Education
  2580	
  2581	Higher Education
  2582	Office of Higher Education
  2583	
  2584	763,189
  2585	
  2586	743,854
  2587	
  2588	382,429
  2589	
  2590	380,760
  2591	
  2592	763,189
  2593	
  2594	0
  2595	
  2596	371,927
  2597	
  2598	371,927
  2599	
  2600	743,854
  2601	
  2602	0
  2603	
  2604	-19,335
  2605	
  2606	University of Minnesota
  2607	
  2608	1,493,964
  2609	
  2610	1,474,702
  2611	
  2612	754,613
  2613	
  2614	739,351
  2615	
  2616	1,493,964
  2617	
  2618	0
  2619	
  2620	737,351
  2621	
  2622	737,351
  2623	
  2624	1,474,702
  2625	
  2626	0
  2627	
  2628	-19,262
  2629	
  2630	MN State Colleges & Universities
  2631	
  2632	1,758,675
  2633	
  2634	1,758,186
  2635	
  2636	879,582
  2637	
  2638	879,093
  2639	
  2640	1,758,675
  2641	
  2642	0
  2643	
  2644	879,093
  2645	
  2646	879,093
  2647	
  2648	1,758,186
  2649	
  2650	0
  2651	
  2652	-489
  2653	
  2654	4,015,828
  2655	
  2656	3,976,742
  2657	
  2658	2,016,624
  2659	
  2660	1,999,204
  2661	
  2662	4,015,828
  2663	
  2664	0
  2665	
  2666	1,988,371
  2667	
  2668	1,988,371
  2669	
  2670	3,976,742
  2671	
  2672	0
  2673	
  2674	-39,086
  2675	
  2676	Total Higher Education
  2677	
  2678	Property Tax Aids & Credits
  2679	Property Tax Refunds:
  2680	Homestead Credit Refund
  2681	
  2682	1,658,200
  2683	
  2684	1,779,100
  2685	
  2686	797,200
  2687	
  2688	840,200
  2689	
  2690	1,637,400
  2691	
  2692	-20,800
  2693	
  2694	872,300
  2695	
  2696	900,100
  2697	
  2698	1,772,400
  2699	
  2700	-6,700
  2701	
  2702	135,000
  2703	
  2704	Renters Property Tax Refund
  2705	
  2706	3,250
  2707	
  2708	50
  2709	
  2710	3,100
  2711	
  2712	150
  2713	
  2714	3,250
  2715	
  2716	0
  2717	
  2718	50
  2719	
  2720	0
  2721	
  2722	50
  2723	
  2724	0
  2725	
  2726	-3,200
  2727	
  2728	Special Property Tax Refund
  2729	
  2730	22,420
  2731	
  2732	17,000
  2733	
  2734	8,730
  2735	
  2736	12,400
  2737	
  2738	21,130
  2739	
  2740	-1,290
  2741	
  2742	8,700
  2743	
  2744	7,700
  2745	
  2746	16,400
  2747	
  2748	-600
  2749	
  2750	-4,730
  2751	
  2752	Sustainable Forest Incentive Payments
  2753	
  2754	33,940
  2755	
  2756	36,890
  2757	
  2758	16,100
  2759	
  2760	17,860
  2761	
  2762	33,960
  2763	
  2764	20
  2765	
  2766	17,950
  2767	
  2768	18,940
  2769	
  2770	36,890
  2771	
  2772	0
  2773	
  2774	2,930
  2775	
  2776	Subtotal Property Tax Refunds
  2777	
  2778	1,717,810
  2779	
  2780	1,833,040
  2781	
  2782	825,130
  2783	
  2784	870,610
  2785	
  2786	1,695,740
  2787	
  2788	-22,070
  2789	
  2790	899,000
  2791	
  2792	926,740
  2793	
  2794	1,825,740
  2795	
  2796	-7,300
  2797	
  2798	130,000
  2799	
  2800	Political Contribution Refunds
  2801	
  2802	8,300
  2803	
  2804	8,600
  2805	
  2806	4,000
  2807	
  2808	4,300
  2809	
  2810	8,300
  2811	
  2812	0
  2813	
  2814	4,300
  2815	
  2816	4,300
  2817	
  2818	8,600
  2819	
  2820	0
  2821	
  2822	300
  2823	
  2824	Tax Refund Interest
  2825	
  2826	38,600
  2827	
  2828	36,600
  2829	
  2830	23,000
  2831	
  2832	18,300
  2833	
  2834	41,300
  2835	
  2836	2,700
  2837	
  2838	18,300
  2839	
  2840	18,300
  2841	
  2842	36,600
  2843	
  2844	0
  2845	
  2846	-4,700
  2847	
  2848	1,228,210
  2849	
  2850	1,288,796
  2851	
  2852	583,812
  2853	
  2854	644,398
  2855	
  2856	1,228,210
  2857	
  2858	0
  2859	
  2860	644,398
  2861	
  2862	644,398
  2863	
  2864	1,288,796
  2865	
  2866	0
  2867	
  2868	60,586
  2869	
  2870	681,944
  2871	
  2872	681,913
  2873	
  2874	340,982
  2875	
  2876	340,962
  2877	
  2878	681,944
  2879	
  2880	0
  2881	
  2882	340,959
  2883	
  2884	340,954
  2885	
  2886	681,913
  2887	
  2888	0
  2889	
  2890	-31
  2891	
  2892	1,000
  2893	
  2894	1,000
  2895	
  2896	500
  2897	
  2898	500
  2899	
  2900	1,000
  2901	
  2902	0
  2903	
  2904	500
  2905	
  2906	500
  2907	
  2908	1,000
  2909	
  2910	0
  2911	
  2912	0
  2913	
  2914	21, SS1, CH 12, LBO Local Impact Notes (TR OUT)
  2915	
  2916	414
  2917	
  2918	414
  2919	
  2920	207
  2921	
  2922	207
  2923	
  2924	414
  2925	
  2926	0
  2927	
  2928	207
  2929	
  2930	207
  2931	
  2932	414
  2933	
  2934	0
  2935	
  2936	0
  2937	
  2938	MDE Local Impact Notes (TR OUT)
  2939	
  2940	14
  2941	
  2942	14
  2943	
  2944	7
  2945	
  2946	7
  2947	
  2948	14
  2949	
  2950	0
  2951	
  2952	7
  2953	
  2954	7
  2955	
  2956	14
  2957	
  2958	0
  2959	
  2960	0
  2961	
  2962	County Program Aid
  2963	
  2964	683,372
  2965	
  2966	683,341
  2967	
  2968	341,696
  2969	
  2970	341,676
  2971	
  2972	683,372
  2973	
  2974	0
  2975	
  2976	341,673
  2977	
  2978	341,668
  2979	
  2980	683,341
  2981	
  2982	0
  2983	
  2984	-31
  2985	
  2986	21, SS1, CH 14 Local Homeless Prevention Aid to Counties
  2987	
  2988	40,000
  2989	
  2990	40,000
  2991	
  2992	20,000
  2993	
  2994	20,000
  2995	
  2996	40,000
  2997	
  2998	0
  2999	
  3000	20,000
  3001	
  3002	20,000
  3003	
  3004	40,000
  3005	
  3006	0
  3007	
  3008	0
  3009	
  3010	23, CH 64 - Tribal Nation Aid
  3011	
  3012	70,000
  3013	
  3014	70,000
  3015	
  3016	35,000
  3017	
  3018	35,000
  3019	
  3020	70,000
  3021	
  3022	0
  3023	
  3024	35,000
  3025	
  3026	35,000
  3027	
  3028	70,000
  3029	
  3030	0
  3031	
  3032	0
  3033	
  3034	23, CH 64 - Statewide Local Housing Aid
  3035	
  3036	20,000
  3037	
  3038	20,000
  3039	
  3040	10,000
  3041	
  3042	10,000
  3043	
  3044	20,000
  3045	
  3046	0
  3047	
  3048	10,000
  3049	
  3050	10,000
  3051	
  3052	20,000
  3053	
  3054	0
  3055	
  3056	0
  3057	
  3058	Township Aid
  3059	
  3060	19,354
  3061	
  3062	20,000
  3063	
  3064	9,354
  3065	
  3066	10,000
  3067	
  3068	19,354
  3069	
  3070	0
  3071	
  3072	10,000
  3073	
  3074	10,000
  3075	
  3076	20,000
  3077	
  3078	0
  3079	
  3080	646
  3081	
  3082	23, CH 64 - Soil and Water Conservation District Aid
  3083	
  3084	24,000
  3085	
  3086	24,000
  3087	
  3088	12,000
  3089	
  3090	12,000
  3091	
  3092	24,000
  3093	
  3094	0
  3095	
  3096	12,000
  3097	
  3098	12,000
  3099	
  3100	24,000
  3101	
  3102	0
  3103	
  3104	0
  3105	
  3106	23, CH 64 - Class 4d Transition Aid
  3107	
  3108	1,578
  3109	
  3110	0
  3111	
  3112	789
  3113	
  3114	789
  3115	
  3116	1,578
  3117	
  3118	0
  3119	
  3120	0
  3121	
  3122	0
  3123	
  3124	0
  3125	
  3126	0
  3127	
  3128	-1,578
  3129	
  3130	Payment in Lieu of Taxes - PILT
  3131	
  3132	99,296
  3133	
  3134	103,140
  3135	
  3136	49,199
  3137	
  3138	50,097
  3139	
  3140	99,296
  3141	
  3142	0
  3143	
  3144	51,030
  3145	
  3146	52,070
  3147	
  3148	103,100
  3149	
  3150	-40
  3151	
  3152	3,804
  3153	
  3154	Aquatic Invasive Species Prevention Aid
  3155	
  3156	20,000
  3157	
  3158	10,000
  3159	
  3160	10,000
  3161	
  3162	10,000
  3163	
  3164	20,000
  3165	
  3166	0
  3167	
  3168	5,000
  3169	
  3170	5,000
  3171	
  3172	10,000
  3173	
  3174	0
  3175	
  3176	-10,000
  3177	
  3178	Local Government Aid (City Aid)
  3179	County Program Aid
  3180	21, SS1, CH 14, Public Defense Board Public Defender Aid (TR OUT)
  3181	
  3182	Riparian Protection Aid to BWSR (TR OUT)
  3183	
  3184	1,490
  3185	
  3186	1,490
  3187	
  3188	745
  3189	
  3190	745
  3191	
  3192	1,490
  3193	
  3194	0
  3195	
  3196	745
  3197	
  3198	745
  3199	
  3200	1,490
  3201	
  3202	0
  3203	
  3204	0
  3205	
  3206	Riparian Protection Aid Local Distribution
  3207	
  3208	14,510
  3209	
  3210	14,510
  3211	
  3212	7,255
  3213	
  3214	7,255
  3215	
  3216	14,510
  3217	
  3218	0
  3219	
  3220	7,255
  3221	
  3222	7,255
  3223	
  3224	14,510
  3225	
  3226	0
  3227	
  3228	0
  3229	
  3230	Riparian Protection Aid
  3231	
  3232	16,000
  3233	
  3234	16,000
  3235	
  3236	8,000
  3237	
  3238	8,000
  3239	
  3240	16,000
  3241	
  3242	0
  3243	
  3244	8,000
  3245	
  3246	8,000
  3247	
  3248	16,000
  3249	
  3250	0
  3251	
  3252	0
  3253	
  3254	Feb 27, 2026
  3255	
  3256	Minnesota Management Budget
  3257	
  3258	Page 4 of 11
  3259	
  3260	General Fund - Fund Balance Analysis
  3261	
  3262	($ in Thousands)
  3263	
  3264	Nov
  3265	
  3266	Nov
  3267	
  3268	Feb
  3269	
  3270	Feb
  3271	
  3272	Feb
  3273	
  3274	Feb vs Nov
  3275	
  3276	Feb
  3277	
  3278	Feb
  3279	
  3280	Feb
  3281	
  3282	Feb vs Nov
  3283	
  3284	FY 2026-27
  3285	
  3286	FY 2028-29
  3287	
  3288	FY 2026
  3289	
  3290	FY 2027
  3291	
  3292	FY 2026-27
  3293	
  3294	FY 2026-27
  3295	
  3296	FY 2028
  3297	
  3298	FY 2029
  3299	
  3300	FY 2028-29
  3301	
  3302	FY 2028-29
  3303	
  3304	FY 2028-29 vs
  3305	FY 2026-27
  3306	
  3307	Indian Family Out-Of-Home Placement Aid
  3308	
  3309	10,000
  3310	
  3311	10,000
  3312	
  3313	5,000
  3314	
  3315	5,000
  3316	
  3317	10,000
  3318	
  3319	0
  3320	
  3321	5,000
  3322	
  3323	5,000
  3324	
  3325	10,000
  3326	
  3327	0
  3328	
  3329	0
  3330	
  3331	Casino Aid to Counties
  3332	
  3333	2,452
  3334	
  3335	2,462
  3336	
  3337	1,221
  3338	
  3339	1,231
  3340	
  3341	2,452
  3342	
  3343	0
  3344	
  3345	1,231
  3346	
  3347	1,231
  3348	
  3349	2,462
  3350	
  3351	0
  3352	
  3353	10
  3354	
  3355	State Taconite Aid to IRRR (TR OUT)
  3356	
  3357	7,333
  3358	
  3359	6,460
  3360	
  3361	3,757
  3362	
  3363	3,531
  3364	
  3365	7,288
  3366	
  3367	-45
  3368	
  3369	3,222
  3370	
  3371	3,111
  3372	
  3373	6,333
  3374	
  3375	-127
  3376	
  3377	-955
  3378	
  3379	State Taconite Aid Local Distribution
  3380	
  3381	7,028
  3382	
  3383	6,492
  3384	
  3385	3,581
  3386	
  3387	3,418
  3388	
  3389	6,999
  3390	
  3391	-29
  3392	
  3393	3,249
  3394	
  3395	3,161
  3396	
  3397	6,410
  3398	
  3399	-82
  3400	
  3401	-589
  3402	
  3403	State Taconite Aid
  3404	
  3405	14,361
  3406	
  3407	12,952
  3408	
  3409	7,338
  3410	
  3411	6,949
  3412	
  3413	14,287
  3414	
  3415	-74
  3416	
  3417	6,471
  3418	
  3419	6,272
  3420	
  3421	12,743
  3422	
  3423	-209
  3424	
  3425	-1,544
  3426	
  3427	23, CH 64 - Electric Generation Transition Aid to Local Governments
  3428	
  3429	2,696
  3430	
  3431	5,493
  3432	
  3433	2,124
  3434	
  3435	572
  3436	
  3437	2,696
  3438	
  3439	0
  3440	
  3441	517
  3442	
  3443	4,976
  3444	
  3445	5,493
  3446	
  3447	0
  3448	
  3449	2,797
  3450	
  3451	School
  3452	
  3453	15,147
  3454	
  3455	15,144
  3456	
  3457	7,575
  3458	
  3459	7,572
  3460	
  3461	15,147
  3462	
  3463	0
  3464	
  3465	7,572
  3466	
  3467	7,572
  3468	
  3469	15,144
  3470	
  3471	0
  3472	
  3473	-3
  3474	
  3475	Non-School
  3476	
  3477	19,024
  3478	
  3479	19,024
  3480	
  3481	9,513
  3482	
  3483	9,513
  3484	
  3485	19,026
  3486	
  3487	2
  3488	
  3489	9,513
  3490	
  3491	9,513
  3492	
  3493	19,026
  3494	
  3495	2
  3496	
  3497	0
  3498	
  3499	Disparity Reduction Aid
  3500	
  3501	Border City Disparity Reduction Credit
  3502	School
  3503	
  3504	5,844
  3505	
  3506	6,542
  3507	
  3508	2,712
  3509	
  3510	3,035
  3511	
  3512	5,747
  3513	
  3514	-97
  3515	
  3516	3,128
  3517	
  3518	3,193
  3519	
  3520	6,321
  3521	
  3522	-221
  3523	
  3524	574
  3525	
  3526	Non-School
  3527	
  3528	24,099
  3529	
  3530	26,671
  3531	
  3532	11,149
  3533	
  3534	12,512
  3535	
  3536	23,661
  3537	
  3538	-438
  3539	
  3540	12,758
  3541	
  3542	13,011
  3543	
  3544	25,769
  3545	
  3546	-902
  3547	
  3548	2,108
  3549	
  3550	Agricultural Homestead Market Value Credit
  3551	School
  3552	
  3553	15,356
  3554	
  3555	14,974
  3556	
  3557	7,831
  3558	
  3559	7,525
  3560	
  3561	15,356
  3562	
  3563	0
  3564	
  3565	7,487
  3566	
  3567	7,487
  3568	
  3569	14,974
  3570	
  3571	0
  3572	
  3573	-382
  3574	
  3575	Non-School
  3576	
  3577	57,912
  3578	
  3579	56,494
  3580	
  3581	29,665
  3582	
  3583	28,247
  3584	
  3585	57,912
  3586	
  3587	0
  3588	
  3589	28,247
  3590	
  3591	28,247
  3592	
  3593	56,494
  3594	
  3595	0
  3596	
  3597	-1,418
  3598	
  3599	243,782
  3600	
  3601	242,619
  3602	
  3603	117,828
  3604	
  3605	127,251
  3606	
  3607	245,079
  3608	
  3609	1,297
  3610	
  3611	124,025
  3612	
  3613	123,609
  3614	
  3615	247,634
  3616	
  3617	5,015
  3618	
  3619	2,555
  3620	
  3621	School
  3622	
  3623	285
  3624	
  3625	300
  3626	
  3627	135
  3628	
  3629	159
  3630	
  3631	294
  3632	
  3633	9
  3634	
  3635	151
  3636	
  3637	150
  3638	
  3639	301
  3640	
  3641	1
  3642	
  3643	7
  3644	
  3645	Non-School
  3646	
  3647	680
  3648	
  3649	680
  3650	
  3651	340
  3652	
  3653	370
  3654	
  3655	710
  3656	
  3657	30
  3658	
  3659	340
  3660	
  3661	340
  3662	
  3663	680
  3664	
  3665	0
  3666	
  3667	-30
  3668	
  3669	10,545
  3670	
  3671	10,756
  3672	
  3673	5,246
  3674	
  3675	5,299
  3676	
  3677	10,545
  3678	
  3679	0
  3680	
  3681	5,351
  3682	
  3683	5,405
  3684	
  3685	10,756
  3686	
  3687	0
  3688	
  3689	211
  3690	
  3691	School
  3692	
  3693	21
  3694	
  3695	0
  3696	
  3697	21
  3698	
  3699	0
  3700	
  3701	21
  3702	
  3703	0
  3704	
  3705	0
  3706	
  3707	0
  3708	
  3709	0
  3710	
  3711	0
  3712	
  3713	-21
  3714	
  3715	Non-School
  3716	
  3717	94
  3718	
  3719	0
  3720	
  3721	90
  3722	
  3723	4
  3724	
  3725	94
  3726	
  3727	0
  3728	
  3729	0
  3730	
  3731	0
  3732	
  3733	0
  3734	
  3735	0
  3736	
  3737	-94
  3738	
  3739	Police State Aid
  3740	
  3741	248,850
  3742	
  3743	274,350
  3744	
  3745	121,400
  3746	
  3747	127,450
  3748	
  3749	248,850
  3750	
  3751	0
  3752	
  3753	133,830
  3754	
  3755	140,520
  3756	
  3757	274,350
  3758	
  3759	0
  3760	
  3761	25,500
  3762	
  3763	Fire State Aid
  3764	
  3765	116,400
  3766	
  3767	128,410
  3768	
  3769	56,696
  3770	
  3771	59,720
  3772	
  3773	116,416
  3774	
  3775	16
  3776	
  3777	62,660
  3778	
  3779	65,750
  3780	
  3781	128,410
  3782	
  3783	0
  3784	
  3785	11,994
  3786	
  3787	Fire Insurance Surcharge Aid
  3788	
  3789	16,880
  3790	
  3791	18,610
  3792	
  3793	8,591
  3794	
  3795	9,020
  3796	
  3797	17,611
  3798	
  3799	731
  3800	
  3801	9,470
  3802	
  3803	9,940
  3804	
  3805	19,410
  3806	
  3807	800
  3808	
  3809	1,799
  3810	
  3811	Police-Fire Retirement Supp Aid
  3812	
  3813	31,000
  3814	
  3815	31,000
  3816	
  3817	15,500
  3818	
  3819	15,500
  3820	
  3821	31,000
  3822	
  3823	0
  3824	
  3825	15,500
  3826	
  3827	15,500
  3828	
  3829	31,000
  3830	
  3831	0
  3832	
  3833	0
  3834	
  3835	Police/Fire Amortization Aid
  3836	
  3837	5,458
  3838	
  3839	5,458
  3840	
  3841	2,729
  3842	
  3843	2,729
  3844	
  3845	5,458
  3846	
  3847	0
  3848	
  3849	2,729
  3850	
  3851	2,729
  3852	
  3853	5,458
  3854	
  3855	0
  3856	
  3857	0
  3858	
  3859	Redirected Amortization Aid to SPTRFA/TRA
  3860	
  3861	4,188
  3862	
  3863	4,188
  3864	
  3865	2,094
  3866	
  3867	2,094
  3868	
  3869	4,188
  3870	
  3871	0
  3872	
  3873	2,094
  3874	
  3875	2,094
  3876	
  3877	4,188
  3878	
  3879	0
  3880	
  3881	0
  3882	
  3883	Firefighter Supplemental Benefits Reimbursement
  3884	
  3885	1,307
  3886	
  3887	1,258
  3888	
  3889	678
  3890	
  3891	629
  3892	
  3893	1,307
  3894	
  3895	0
  3896	
  3897	629
  3898	
  3899	629
  3900	
  3901	1,258
  3902	
  3903	0
  3904	
  3905	-49
  3906	
  3907	School Building Bond Agricultural Credit
  3908	Agriculture Preservation Credit
  3909	
  3910	Supplemental Taconite Homestead Credit
  3911	Prior Year Credit Adjustment
  3912	
  3913	Disaster Credit
  3914	School
  3915	
  3916	138
  3917	
  3918	60
  3919	
  3920	101
  3921	
  3922	16
  3923	
  3924	117
  3925	
  3926	-21
  3927	
  3928	29
  3929	
  3930	31
  3931	
  3932	60
  3933	
  3934	0
  3935	
  3936	-57
  3937	
  3938	Non-School
  3939	
  3940	416
  3941	
  3942	188
  3943	
  3944	405
  3945	
  3946	13
  3947	
  3948	418
  3949	
  3950	2
  3951	
  3952	94
  3953	
  3954	94
  3955	
  3956	188
  3957	
  3958	0
  3959	
  3960	-230
  3961	
  3962	Local Option Disaster Abatement Reimbursement
  3963	School
  3964	
  3965	30
  3966	
  3967	50
  3968	
  3969	5
  3970	
  3971	23
  3972	
  3973	28
  3974	
  3975	-2
  3976	
  3977	25
  3978	
  3979	25
  3980	
  3981	50
  3982	
  3983	0
  3984	
  3985	22
  3986	
  3987	Non-School
  3988	
  3989	87
  3990	
  3991	150
  3992	
  3993	12
  3994	
  3995	75
  3996	
  3997	87
  3998	
  3999	0
  4000	
  4001	75
  4002	
  4003	75
  4004	
  4005	150
  4006	
  4007	0
  4008	
  4009	63
  4010	
  4011	Feb 27, 2026
  4012	
  4013	Minnesota Management Budget
  4014	
  4015	Page 5 of 11
  4016	
  4017	General Fund - Fund Balance Analysis
  4018	
  4019	($ in Thousands)
  4020	
  4021	Nov
  4022	
  4023	Nov
  4024	
  4025	Feb
  4026	
  4027	Feb
  4028	
  4029	Feb
  4030	
  4031	Feb vs Nov
  4032	
  4033	Feb
  4034	
  4035	Feb
  4036	
  4037	Feb
  4038	
  4039	Feb vs Nov
  4040	
  4041	FY 2026-27
  4042	
  4043	FY 2028-29
  4044	
  4045	FY 2026
  4046	
  4047	FY 2027
  4048	
  4049	FY 2026-27
  4050	
  4051	FY 2026-27
  4052	
  4053	FY 2028
  4054	
  4055	FY 2029
  4056	
  4057	FY 2028-29
  4058	
  4059	FY 2028-29
  4060	
  4061	FY 2028-29 vs
  4062	FY 2026-27
  4063	
  4064	Mahnomen Adjustments
  4065	School
  4066	Non-School
  4067	
  4068	280
  4069	
  4070	280
  4071	
  4072	140
  4073	
  4074	140
  4075	
  4076	280
  4077	
  4078	0
  4079	
  4080	140
  4081	
  4082	140
  4083	
  4084	280
  4085	
  4086	0
  4087	
  4088	0
  4089	
  4090	2,440
  4091	
  4092	2,440
  4093	
  4094	1,220
  4095	
  4096	1,220
  4097	
  4098	2,440
  4099	
  4100	0
  4101	
  4102	1,220
  4103	
  4104	1,220
  4105	
  4106	2,440
  4107	
  4108	0
  4109	
  4110	0
  4111	
  4112	Border City Reimbursement
  4113	
  4114	134
  4115	
  4116	134
  4117	
  4118	67
  4119	
  4120	67
  4121	
  4122	134
  4123	
  4124	0
  4125	
  4126	67
  4127	
  4128	67
  4129	
  4130	134
  4131	
  4132	0
  4133	
  4134	0
  4135	
  4136	Taconite Aid Reimbursement
  4137	
  4138	1,122
  4139	
  4140	1,122
  4141	
  4142	561
  4143	
  4144	561
  4145	
  4146	1,122
  4147	
  4148	0
  4149	
  4150	561
  4151	
  4152	561
  4153	
  4154	1,122
  4155	
  4156	0
  4157	
  4158	0
  4159	
  4160	Performance Measurement Reimbursement
  4161	
  4162	1,074
  4163	
  4164	1,083
  4165	
  4166	536
  4167	
  4168	538
  4169	
  4170	1,074
  4171	
  4172	0
  4173	
  4174	540
  4175	
  4176	543
  4177	
  4178	1,083
  4179	
  4180	0
  4181	
  4182	9
  4183	
  4184	23, CH 64 - City of Spring Grove Fire Remediation Grant
  4185	
  4186	0
  4187	
  4188	0
  4189	
  4190	0
  4191	
  4192	0
  4193	
  4194	0
  4195	
  4196	0
  4197	
  4198	0
  4199	
  4200	0
  4201	
  4202	0
  4203	
  4204	0
  4205	
  4206	0
  4207	
  4208	23, CH 64 - City of Northfield Infrastructure Grant
  4209	
  4210	0
  4211	
  4212	0
  4213	
  4214	0
  4215	
  4216	0
  4217	
  4218	0
  4219	
  4220	0
  4221	
  4222	0
  4223	
  4224	0
  4225	
  4226	0
  4227	
  4228	0
  4229	
  4230	0
  4231	
  4232	2,226
  4233	
  4234	0
  4235	
  4236	2,226
  4237	
  4238	0
  4239	
  4240	2,226
  4241	
  4242	0
  4243	
  4244	0
  4245	
  4246	0
  4247	
  4248	0
  4249	
  4250	0
  4251	
  4252	-2,226
  4253	
  4254	122
  4255	
  4256	0
  4257	
  4258	122
  4259	
  4260	0
  4261	
  4262	122
  4263	
  4264	0
  4265	
  4266	0
  4267	
  4268	0
  4269	
  4270	0
  4271	
  4272	0
  4273	
  4274	-122
  4275	
  4276	4,840,970
  4277	
  4278	5,046,409
  4279	
  4280	2,352,851
  4281	
  4282	2,470,204
  4283	
  4284	4,823,055
  4285	
  4286	-17,915
  4287	
  4288	2,500,155
  4289	
  4290	2,543,400
  4291	
  4292	5,043,555
  4293	
  4294	-2,854
  4295	
  4296	220,500
  4297	
  4298	23, CH 68 - Electric-Assisted Bicycle Rebate Program
  4299	25, CH 13 - Red Lake Property Tax Exemption
  4300	
  4301	Total Property Tax Aids & Credits
  4302	
  4303	Health & Human Services
  4304	Human Services, Dept of
  4305	Central Office Operations
  4306	Forecasted Programs
  4307	Grant Programs
  4308	
  4309	708,243
  4310	
  4311	629,396
  4312	
  4313	383,923
  4314	
  4315	324,320
  4316	
  4317	708,243
  4318	
  4319	0
  4320	
  4321	315,983
  4322	
  4323	313,413
  4324	
  4325	629,396
  4326	
  4327	0
  4328	
  4329	-78,847
  4330	
  4331	20,138,852
  4332	
  4333	22,259,857
  4334	
  4335	9,786,772
  4336	
  4337	10,204,121
  4338	
  4339	19,990,893
  4340	
  4341	-147,959
  4342	
  4343	10,668,038
  4344	
  4345	11,416,866
  4346	
  4347	22,084,904
  4348	
  4349	-174,953
  4350	
  4351	2,094,011
  4352	
  4353	832,560
  4354	
  4355	659,323
  4356	
  4357	506,136
  4358	
  4359	326,435
  4360	
  4361	832,571
  4362	
  4363	11
  4364	
  4365	329,655
  4366	
  4367	329,673
  4368	
  4369	659,328
  4370	
  4371	5
  4372	
  4373	-173,243
  4374	
  4375	21,679,655
  4376	
  4377	23,548,576
  4378	
  4379	10,676,831
  4380	
  4381	10,854,876
  4382	
  4383	21,531,707
  4384	
  4385	-147,948
  4386	
  4387	11,313,676
  4388	
  4389	12,059,952
  4390	
  4391	23,373,628
  4392	
  4393	-174,948
  4394	
  4395	1,841,921
  4396	
  4397	DHS Federal Reimbursement
  4398	
  4399	-115,684
  4400	
  4401	-144,619
  4402	
  4403	-52,141
  4404	
  4405	-63,543
  4406	
  4407	-115,684
  4408	
  4409	0
  4410	
  4411	-72,700
  4412	
  4413	-71,919
  4414	
  4415	-144,619
  4416	
  4417	0
  4418	
  4419	-28,935
  4420	
  4421	Direct Care and Treatment, Dept of
  4422	
  4423	1,209,485
  4424	
  4425	1,249,872
  4426	
  4427	606,680
  4428	
  4429	602,805
  4430	
  4431	1,209,485
  4432	
  4433	0
  4434	
  4435	602,021
  4436	
  4437	647,851
  4438	
  4439	1,249,872
  4440	
  4441	0
  4442	
  4443	40,387
  4444	
  4445	Children, Youth, and Families
  4446	
  4447	2,365,828
  4448	
  4449	2,411,473
  4450	
  4451	1,217,802
  4452	
  4453	1,134,007
  4454	
  4455	2,351,809
  4456	
  4457	-14,019
  4458	
  4459	1,175,866
  4460	
  4461	1,211,762
  4462	
  4463	2,387,628
  4464	
  4465	-23,845
  4466	
  4467	35,819
  4468	
  4469	Health, Dept of
  4470	
  4471	601,020
  4472	
  4473	534,912
  4474	
  4475	334,017
  4476	
  4477	267,003
  4478	
  4479	601,020
  4480	
  4481	0
  4482	
  4483	267,456
  4484	
  4485	267,456
  4486	
  4487	534,912
  4488	
  4489	0
  4490	
  4491	-66,108
  4492	
  4493	Office of Emergency Medical Services
  4494	
  4495	44,744
  4496	
  4497	13,036
  4498	
  4499	35,005
  4500	
  4501	9,739
  4502	
  4503	44,744
  4504	
  4505	0
  4506	
  4507	6,518
  4508	
  4509	6,518
  4510	
  4511	13,036
  4512	
  4513	0
  4514	
  4515	-31,708
  4516	
  4517	Council on Disability
  4518	
  4519	5,126
  4520	
  4521	4,914
  4522	
  4523	2,669
  4524	
  4525	2,457
  4526	
  4527	5,126
  4528	
  4529	0
  4530	
  4531	2,457
  4532	
  4533	2,457
  4534	
  4535	4,914
  4536	
  4537	0
  4538	
  4539	-212
  4540	
  4541	MH/MR Ombudsman
  4542	
  4543	8,883
  4544	
  4545	7,530
  4546	
  4547	5,118
  4548	
  4549	3,765
  4550	
  4551	8,883
  4552	
  4553	0
  4554	
  4555	3,765
  4556	
  4557	3,765
  4558	
  4559	7,530
  4560	
  4561	0
  4562	
  4563	-1,353
  4564	
  4565	Ombudsperson for Families
  4566	
  4567	1,723
  4568	
  4569	1,616
  4570	
  4571	915
  4572	
  4573	808
  4574	
  4575	1,723
  4576	
  4577	0
  4578	
  4579	808
  4580	
  4581	808
  4582	
  4583	1,616
  4584	
  4585	0
  4586	
  4587	-107
  4588	
  4589	877
  4590	
  4591	694
  4592	
  4593	530
  4594	
  4595	347
  4596	
  4597	877
  4598	
  4599	0
  4600	
  4601	347
  4602	
  4603	347
  4604	
  4605	694
  4606	
  4607	0
  4608	
  4609	-183
  4610	
  4611	3,058
  4612	
  4613	1,874
  4614	
  4615	2,121
  4616	
  4617	937
  4618	
  4619	3,058
  4620	
  4621	0
  4622	
  4623	937
  4624	
  4625	937
  4626	
  4627	1,874
  4628	
  4629	0
  4630	
  4631	-1,184
  4632	
  4633	Subtotal DHS Appropriations
  4634	
  4635	Ombudsperson for American Indian Families
  4636	Board of Pharmacy
  4637	22, CH 98, ART 13 - Rare Disease Advisory Council
  4638	
  4639	1,433
  4640	
  4641	1,358
  4642	
  4643	754
  4644	
  4645	679
  4646	
  4647	1,433
  4648	
  4649	0
  4650	
  4651	679
  4652	
  4653	679
  4654	
  4655	1,358
  4656	
  4657	0
  4658	
  4659	-75
  4660	
  4661	22, CH 63 - Ombudsperson for Foster Youth
  4662	
  4663	1,977
  4664	
  4665	1,950
  4666	
  4667	982
  4668	
  4669	995
  4670	
  4671	1,977
  4672	
  4673	0
  4674	
  4675	975
  4676	
  4677	975
  4678	
  4679	1,950
  4680	
  4681	0
  4682	
  4683	-27
  4684	
  4685	140
  4686	
  4687	140
  4688	
  4689	70
  4690	
  4691	70
  4692	
  4693	140
  4694	
  4695	0
  4696	
  4697	70
  4698	
  4699	70
  4700	
  4701	140
  4702	
  4703	0
  4704	
  4705	0
  4706	
  4707	25,808,265
  4708	
  4709	27,633,326
  4710	
  4711	12,831,353
  4712	
  4713	12,814,945
  4714	
  4715	25,646,298
  4716	
  4717	-161,967
  4718	
  4719	13,302,875
  4720	
  4721	14,131,658
  4722	
  4723	27,434,533
  4724	
  4725	-198,793
  4726	
  4727	1,788,235
  4728	
  4729	23, CH 70 - Transfer to MNsure Enterprise Fund
  4730	
  4731	Total Health & Human Services
  4732	
  4733	Feb 27, 2026
  4734	
  4735	Minnesota Management Budget
  4736	
  4737	Page 6 of 11
  4738	
  4739	General Fund - Fund Balance Analysis
  4740	
  4741	($ in Thousands)
  4742	
  4743	Nov
  4744	
  4745	Nov
  4746	
  4747	Feb
  4748	
  4749	Feb
  4750	
  4751	Feb
  4752	
  4753	Feb vs Nov
  4754	
  4755	Feb
  4756	
  4757	Feb
  4758	
  4759	Feb
  4760	
  4761	Feb vs Nov
  4762	
  4763	FY 2026-27
  4764	
  4765	FY 2028-29
  4766	
  4767	FY 2026
  4768	
  4769	FY 2027
  4770	
  4771	FY 2026-27
  4772	
  4773	FY 2026-27
  4774	
  4775	FY 2028
  4776	
  4777	FY 2029
  4778	
  4779	FY 2028-29
  4780	
  4781	FY 2028-29
  4782	
  4783	FY 2028-29 vs
  4784	FY 2026-27
  4785	
  4786	Public Safety & Judiciary
  4787	Supreme Court
  4788	
  4789	111,242
  4790	
  4791	101,642
  4792	
  4793	60,645
  4794	
  4795	50,597
  4796	
  4797	111,242
  4798	
  4799	0
  4800	
  4801	50,821
  4802	
  4803	50,821
  4804	
  4805	101,642
  4806	
  4807	0
  4808	
  4809	State Board of Civil Legal Aid
  4810	
  4811	70,706
  4812	
  4813	70,706
  4814	
  4815	35,353
  4816	
  4817	35,353
  4818	
  4819	70,706
  4820	
  4821	0
  4822	
  4823	35,353
  4824	
  4825	35,353
  4826	
  4827	70,706
  4828	
  4829	0
  4830	
  4831	-9,600
  4832	0
  4833	
  4834	Court of Appeals
  4835	
  4836	31,422
  4837	
  4838	31,588
  4839	
  4840	15,798
  4841	
  4842	15,624
  4843	
  4844	31,422
  4845	
  4846	0
  4847	
  4848	15,794
  4849	
  4850	15,794
  4851	
  4852	31,588
  4853	
  4854	0
  4855	
  4856	166
  4857	
  4858	District Courts
  4859	
  4860	815,557
  4861	
  4862	807,620
  4863	
  4864	419,161
  4865	
  4866	396,396
  4867	
  4868	815,557
  4869	
  4870	0
  4871	
  4872	403,810
  4873	
  4874	403,810
  4875	
  4876	807,620
  4877	
  4878	0
  4879	
  4880	-7,937
  4881	
  4882	State Guardian Ad Litem Board
  4883	
  4884	54,241
  4885	
  4886	54,738
  4887	
  4888	27,482
  4889	
  4890	26,759
  4891	
  4892	54,241
  4893	
  4894	0
  4895	
  4896	27,369
  4897	
  4898	27,369
  4899	
  4900	54,738
  4901	
  4902	0
  4903	
  4904	497
  4905	
  4906	Tax Court
  4907	
  4908	5,190
  4909	
  4910	4,706
  4911	
  4912	2,837
  4913	
  4914	2,353
  4915	
  4916	5,190
  4917	
  4918	0
  4919	
  4920	2,353
  4921	
  4922	2,353
  4923	
  4924	4,706
  4925	
  4926	0
  4927	
  4928	-484
  4929	
  4930	Uniform Laws Comm
  4931	
  4932	269
  4933	
  4934	230
  4935	
  4936	154
  4937	
  4938	115
  4939	
  4940	269
  4941	
  4942	0
  4943	
  4944	115
  4945	
  4946	115
  4947	
  4948	230
  4949	
  4950	0
  4951	
  4952	-39
  4953	
  4954	Judicial Stnds, Bd on
  4955	
  4956	1,492
  4957	
  4958	1,320
  4959	
  4960	838
  4961	
  4962	654
  4963	
  4964	1,492
  4965	
  4966	0
  4967	
  4968	660
  4969	
  4970	660
  4971	
  4972	1,320
  4973	
  4974	0
  4975	
  4976	-172
  4977	
  4978	Bd of Public Defense
  4979	
  4980	335,244
  4981	
  4982	339,658
  4983	
  4984	167,622
  4985	
  4986	167,622
  4987	
  4988	335,244
  4989	
  4990	0
  4991	
  4992	169,829
  4993	
  4994	169,829
  4995	
  4996	339,658
  4997	
  4998	0
  4999	
  5000	4,414
  5001	
  5002	Minnesota Competency Attainment Board
  5003	
  5004	22,699
  5005	
  5006	22,274
  5007	
  5008	11,562
  5009	
  5010	11,137
  5011	
  5012	22,699
  5013	
  5014	0
  5015	
  5016	11,137
  5017	
  5018	11,137
  5019	
  5020	22,274
  5021	
  5022	0
  5023	
  5024	-425
  5025	
  5026	Office of Appellate Counsel and Training
  5027	
  5028	2,580
  5029	
  5030	2,722
  5031	
  5032	1,219
  5033	
  5034	1,361
  5035	
  5036	2,580
  5037	
  5038	0
  5039	
  5040	1,361
  5041	
  5042	1,361
  5043	
  5044	2,722
  5045	
  5046	0
  5047	
  5048	142
  5049	
  5050	Private Detective Board
  5051	
  5052	1,403
  5053	
  5054	1,412
  5055	
  5056	1,050
  5057	
  5058	706
  5059	
  5060	1,403
  5061	
  5062	353
  5063	
  5064	706
  5065	
  5066	706
  5067	
  5068	1,412
  5069	
  5070	0
  5071	
  5072	9
  5073	
  5074	Peace Officer Standards and Training, Board
  5075	
  5076	25,094
  5077	
  5078	15,350
  5079	
  5080	13,355
  5081	
  5082	11,739
  5083	
  5084	25,094
  5085	
  5086	0
  5087	
  5088	7,675
  5089	
  5090	7,675
  5091	
  5092	15,350
  5093	
  5094	0
  5095	
  5096	-9,744
  5097	
  5098	1,715,947
  5099	
  5100	1,658,578
  5101	
  5102	882,661
  5103	
  5104	833,286
  5105	
  5106	1,715,947
  5107	
  5108	0
  5109	
  5110	831,789
  5111	
  5112	826,789
  5113	
  5114	1,658,578
  5115	
  5116	0
  5117	
  5118	-57,369
  5119	
  5120	Clemency Review Commission
  5121	
  5122	Corrections, Dept of
  5123	
  5124	2,418
  5125	
  5126	2,010
  5127	
  5128	1,413
  5129	
  5130	1,005
  5131	
  5132	2,418
  5133	
  5134	0
  5135	
  5136	1,005
  5137	
  5138	1,005
  5139	
  5140	2,010
  5141	
  5142	0
  5143	
  5144	-408
  5145	
  5146	Ombudsperson for Corrections
  5147	
  5148	2526
  5149	
  5150	2274
  5151	
  5152	1389
  5153	
  5154	1137
  5155	
  5156	2526
  5157	
  5158	0
  5159	
  5160	1137
  5161	
  5162	1137
  5163	
  5164	2274
  5165	
  5166	0
  5167	
  5168	-252
  5169	
  5170	Sentencing Guidelines Commission
  5171	
  5172	2,806
  5173	
  5174	2,224
  5175	
  5176	1,694
  5177	
  5178	1,112
  5179	
  5180	2,806
  5181	
  5182	0
  5183	
  5184	1,112
  5185	
  5186	1,112
  5187	
  5188	2,224
  5189	
  5190	0
  5191	
  5192	-582
  5193	
  5194	Public Safety, Dept of
  5195	
  5196	376,219
  5197	
  5198	354,850
  5199	
  5200	198,469
  5201	
  5202	177,750
  5203	
  5204	376,219
  5205	
  5206	0
  5207	
  5208	177,425
  5209	
  5210	177,425
  5211	
  5212	354,850
  5213	
  5214	0
  5215	
  5216	-21,369
  5217	
  5218	Human Rights, Dept of
  5219	
  5220	18,007
  5221	
  5222	17,974
  5223	
  5224	9,020
  5225	
  5226	8,987
  5227	
  5228	18,007
  5229	
  5230	0
  5231	
  5232	8,987
  5233	
  5234	8,987
  5235	
  5236	17,974
  5237	
  5238	0
  5239	
  5240	-33
  5241	
  5242	Cannabis Expungement Board
  5243	
  5244	12,047
  5245	
  5246	10,756
  5247	
  5248	6,669
  5249	
  5250	5,378
  5251	
  5252	12,047
  5253	
  5254	0
  5255	
  5256	5,378
  5257	
  5258	5,378
  5259	
  5260	10,756
  5261	
  5262	0
  5263	
  5264	-1,291
  5265	
  5266	Transfer out to Community Justice Acct.
  5267	
  5268	922
  5269	
  5270	922
  5271	
  5272	461
  5273	
  5274	461
  5275	
  5276	922
  5277	
  5278	0
  5279	
  5280	461
  5281	
  5282	461
  5283	
  5284	922
  5285	
  5286	0
  5287	
  5288	0
  5289	
  5290	25, CH 35 - Victims of Crime Account (TR OUT)
  5291	
  5292	7232
  5293	
  5294	1757
  5295	
  5296	7232
  5297	
  5298	0
  5299	
  5300	7232
  5301	
  5302	0
  5303	
  5304	878
  5305	
  5306	879
  5307	
  5308	1757
  5309	
  5310	0
  5311	
  5312	-5475
  5313	
  5314	3,640,627
  5315	
  5316	3,505,311
  5317	
  5318	1,891,448
  5319	
  5320	1,749,532
  5321	
  5322	3,640,627
  5323	
  5324	353
  5325	
  5326	1,755,155
  5327	
  5328	1,750,156
  5329	
  5330	3,505,311
  5331	
  5332	0
  5333	
  5334	-135,316
  5335	
  5336	-458,597
  5337	
  5338	Total Public Safety & Judiciary
  5339	
  5340	Transportation
  5341	Transportation, Dept of
  5342	
  5343	540,783
  5344	
  5345	82,196
  5346	
  5347	510,215
  5348	
  5349	30,528
  5350	
  5351	540,743
  5352	
  5353	-40
  5354	
  5355	41,068
  5356	
  5357	41,078
  5358	
  5359	82,146
  5360	
  5361	-50
  5362	
  5363	Metropolitan Council
  5364	
  5365	280,689
  5366	
  5367	314,392
  5368	
  5369	153,181
  5370	
  5371	131,011
  5372	
  5373	284,192
  5374	
  5375	3,503
  5376	
  5377	152,917
  5378	
  5379	161,475
  5380	
  5381	314,392
  5382	
  5383	0
  5384	
  5385	30,200
  5386	
  5387	Public Safety, Dept of
  5388	
  5389	90,567
  5390	
  5391	74,326
  5392	
  5393	53,404
  5394	
  5395	37,163
  5396	
  5397	90,567
  5398	
  5399	0
  5400	
  5401	37,163
  5402	
  5403	37,163
  5404	
  5405	74,326
  5406	
  5407	0
  5408	
  5409	-16,241
  5410	
  5411	From GF to Active Transportation Acct (TR OUT)
  5412	
  5413	5,439
  5414	
  5415	16,568
  5416	
  5417	2,655
  5418	
  5419	2,784
  5420	
  5421	5,439
  5422	
  5423	0
  5424	
  5425	8,284
  5426	
  5427	8,284
  5428	
  5429	16,568
  5430	
  5431	0
  5432	
  5433	11,129
  5434	
  5435	250
  5436	
  5437	0
  5438	
  5439	250
  5440	
  5441	0
  5442	
  5443	250
  5444	
  5445	0
  5446	
  5447	0
  5448	
  5449	0
  5450	
  5451	0
  5452	
  5453	0
  5454	
  5455	-250
  5456	
  5457	917,728
  5458	
  5459	487,482
  5460	
  5461	719,705
  5462	
  5463	201,486
  5464	
  5465	921,191
  5466	
  5467	3,463
  5468	
  5469	239,432
  5470	
  5471	248,000
  5472	
  5473	487,432
  5474	
  5475	-50
  5476	
  5477	-433,759
  5478	
  5479	25 SS1, CH 8 - Local Govt Road Funding Gap Assistance Acct (TR OUT)
  5480	
  5481	Total Transportation
  5482	
  5483	Feb 27, 2026
  5484	
  5485	Minnesota Management Budget
  5486	
  5487	Page 7 of 11
  5488	
  5489	General Fund - Fund Balance Analysis
  5490	
  5491	($ in Thousands)
  5492	
  5493	Nov
  5494	
  5495	Nov
  5496	
  5497	Feb
  5498	
  5499	Feb
  5500	
  5501	Feb
  5502	
  5503	Feb vs Nov
  5504	
  5505	Feb
  5506	
  5507	Feb
  5508	
  5509	Feb
  5510	
  5511	Feb vs Nov
  5512	
  5513	FY 2026-27
  5514	
  5515	FY 2028-29
  5516	
  5517	FY 2026
  5518	
  5519	FY 2027
  5520	
  5521	FY 2026-27
  5522	
  5523	FY 2026-27
  5524	
  5525	FY 2028
  5526	
  5527	FY 2029
  5528	
  5529	FY 2028-29
  5530	
  5531	FY 2028-29
  5532	
  5533	FY 2028-29 vs
  5534	FY 2026-27
  5535	
  5536	Environment and Energy
  5537	Pollution Control Agency
  5538	
  5539	71,428
  5540	
  5541	14,772
  5542	
  5543	64,196
  5544	
  5545	7,232
  5546	
  5547	71,428
  5548	
  5549	0
  5550	
  5551	7,386
  5552	
  5553	7,386
  5554	
  5555	14,772
  5556	
  5557	0
  5558	
  5559	Natural Resources, Dept of
  5560	
  5561	404,676
  5562	
  5563	270,824
  5564	
  5565	269,264
  5566	
  5567	135,412
  5568	
  5569	404,676
  5570	
  5571	0
  5572	
  5573	135,412
  5574	
  5575	135,412
  5576	
  5577	270,824
  5578	
  5579	0
  5580	
  5581	-56,656
  5582	0
  5583	
  5584	Natural Resources, Dept of (OPENS)
  5585	
  5586	81,420
  5587	
  5588	86,890
  5589	
  5590	40,120
  5591	
  5592	41,330
  5593	
  5594	81,450
  5595	
  5596	30
  5597	
  5598	42,760
  5599	
  5600	44,180
  5601	
  5602	86,940
  5603	
  5604	50
  5605	
  5606	190
  5607	
  5608	Transfer to Mining and Environmental Regulatory Account (OPEN)
  5609	
  5610	1,670
  5611	
  5612	1,495
  5613	
  5614	848
  5615	
  5616	820
  5617	
  5618	1,668
  5619	
  5620	-2
  5621	
  5622	759
  5623	
  5624	711
  5625	
  5626	1,470
  5627	
  5628	-25
  5629	
  5630	391
  5631	
  5632	Water & Soil Resources Bd
  5633	
  5634	85,841
  5635	
  5636	32,204
  5637	
  5638	69,739
  5639	
  5640	16,102
  5641	
  5642	85,841
  5643	
  5644	0
  5645	
  5646	16,102
  5647	
  5648	16,102
  5649	
  5650	32,204
  5651	
  5652	0
  5653	
  5654	-53,637
  5655	
  5656	MN Conservation Corps
  5657	
  5658	1,160
  5659	
  5660	1,160
  5661	
  5662	580
  5663	
  5664	580
  5665	
  5666	1,160
  5667	
  5668	0
  5669	
  5670	580
  5671	
  5672	580
  5673	
  5674	1,160
  5675	
  5676	0
  5677	
  5678	0
  5679	
  5680	Metropolitan Council Parks
  5681	
  5682	6,730
  5683	
  5684	5,080
  5685	
  5686	4,190
  5687	
  5688	2,540
  5689	
  5690	6,730
  5691	
  5692	0
  5693	
  5694	2,540
  5695	
  5696	2,540
  5697	
  5698	5,080
  5699	
  5700	0
  5701	
  5702	-1,650
  5703	
  5704	Zoological Board
  5705	
  5706	28,289
  5707	
  5708	28,554
  5709	
  5710	14,012
  5711	
  5712	14,277
  5713	
  5714	28,289
  5715	
  5716	0
  5717	
  5718	14,277
  5719	
  5720	14,277
  5721	
  5722	28,554
  5723	
  5724	0
  5725	
  5726	265
  5727	
  5728	Science Museum of Minnesota
  5729	
  5730	2,720
  5731	
  5732	2,520
  5733	
  5734	1,460
  5735	
  5736	1,260
  5737	
  5738	2,720
  5739	
  5740	0
  5741	
  5742	1,260
  5743	
  5744	1,260
  5745	
  5746	2,520
  5747	
  5748	0
  5749	
  5750	-200
  5751	
  5752	Public Utilities Commission
  5753	
  5754	27,215
  5755	
  5756	26,366
  5757	
  5758	13,445
  5759	
  5760	13,417
  5761	
  5762	27,215
  5763	
  5764	-353
  5765	
  5766	13,183
  5767	
  5768	13,183
  5769	
  5770	26,366
  5771	
  5772	0
  5773	
  5774	-849
  5775	
  5776	711,149
  5777	
  5778	469,865
  5779	
  5780	477,854
  5781	
  5782	232,970
  5783	
  5784	711,177
  5785	
  5786	-325
  5787	
  5788	234,259
  5789	
  5790	235,631
  5791	
  5792	469,890
  5793	
  5794	25
  5795	
  5796	-112,146
  5797	
  5798	Total Environment and Energy
  5799	
  5800	Jobs, Commerce, Ag and Housing
  5801	Agriculture, Dept of
  5802	
  5803	155,927
  5804	
  5805	130,316
  5806	
  5807	87,886
  5808	
  5809	68,041
  5810	
  5811	155,927
  5812	
  5813	0
  5814	
  5815	65,158
  5816	
  5817	65,158
  5818	
  5819	130,316
  5820	
  5821	0
  5822	
  5823	-25,611
  5824	
  5825	Cannabis Management Office
  5826	
  5827	93,599
  5828	
  5829	63,170
  5830	
  5831	57,249
  5832	
  5833	36,350
  5834	
  5835	93,599
  5836	
  5837	0
  5838	
  5839	31,585
  5840	
  5841	31,585
  5842	
  5843	63,170
  5844	
  5845	0
  5846	
  5847	-30,429
  5848	
  5849	Animal Health Board
  5850	
  5851	13,511
  5852	
  5853	13,600
  5854	
  5855	6,711
  5856	
  5857	6,800
  5858	
  5859	13,511
  5860	
  5861	0
  5862	
  5863	6,800
  5864	
  5865	6,800
  5866	
  5867	13,600
  5868	
  5869	0
  5870	
  5871	89
  5872	
  5873	Agric Util Research Inst
  5874	
  5875	8,822
  5876	
  5877	8,868
  5878	
  5879	4,388
  5880	
  5881	4,434
  5882	
  5883	8,822
  5884	
  5885	0
  5886	
  5887	4,434
  5888	
  5889	4,434
  5890	
  5891	8,868
  5892	
  5893	0
  5894	
  5895	46
  5896	
  5897	DEED, Office of Broadband
  5898	
  5899	2,002
  5900	
  5901	2,002
  5902	
  5903	1,001
  5904	
  5905	1,001
  5906	
  5907	2,002
  5908	
  5909	0
  5910	
  5911	1,001
  5912	
  5913	1,001
  5914	
  5915	2,002
  5916	
  5917	0
  5918	
  5919	0
  5920	
  5921	Housing Finance (TR OUT)
  5922	
  5923	183,946
  5924	
  5925	166,496
  5926	
  5927	101,148
  5928	
  5929	82,798
  5930	
  5931	183,946
  5932	
  5933	0
  5934	
  5935	83,248
  5936	
  5937	83,248
  5938	
  5939	166,496
  5940	
  5941	0
  5942	
  5943	-17,450
  5944	
  5945	Commerce, Dept of
  5946	
  5947	119,424
  5948	
  5949	101,726
  5950	
  5951	68,296
  5952	
  5953	51,128
  5954	
  5955	119,424
  5956	
  5957	0
  5958	
  5959	50,863
  5960	
  5961	50,863
  5962	
  5963	101,726
  5964	
  5965	0
  5966	
  5967	-17,698
  5968	
  5969	Employment & Economic Development
  5970	
  5971	251,151
  5972	
  5973	174,008
  5974	
  5975	162,183
  5976	
  5977	88,968
  5978	
  5979	251,151
  5980	
  5981	0
  5982	
  5983	87,004
  5984	
  5985	87,004
  5986	
  5987	174,008
  5988	
  5989	0
  5990	
  5991	-77,143
  5992	
  5993	Destination Medical Center
  5994	
  5995	57,798
  5996	
  5997	51,373
  5998	
  5999	35,903
  6000	
  6001	21,895
  6002	
  6003	57,798
  6004	
  6005	0
  6006	
  6007	25,381
  6008	
  6009	25,992
  6010	
  6011	51,373
  6012	
  6013	0
  6014	
  6015	-6,425
  6016	
  6017	Explore Minnesota
  6018	
  6019	43,309
  6020	
  6021	36,216
  6022	
  6023	25,201
  6024	
  6025	18,108
  6026	
  6027	43,309
  6028	
  6029	0
  6030	
  6031	18,108
  6032	
  6033	18,108
  6034	
  6035	36,216
  6036	
  6037	0
  6038	
  6039	-7,093
  6040	
  6041	Labor & Industry
  6042	
  6043	18,573
  6044	
  6045	15,628
  6046	
  6047	10,438
  6048	
  6049	8,135
  6050	
  6051	18,573
  6052	
  6053	0
  6054	
  6055	7,814
  6056	
  6057	7,814
  6058	
  6059	15,628
  6060	
  6061	0
  6062	
  6063	-2,945
  6064	
  6065	Mediation Services
  6066	
  6067	8,637
  6068	
  6069	7,764
  6070	
  6071	4,755
  6072	
  6073	3,882
  6074	
  6075	8,637
  6076	
  6077	0
  6078	
  6079	3,882
  6080	
  6081	3,882
  6082	
  6083	7,764
  6084	
  6085	0
  6086	
  6087	-873
  6088	
  6089	Region 3 - Occupation Tax (OPEN)
  6090	
  6091	4,780
  6092	
  6093	4,346
  6094	
  6095	2,460
  6096	
  6097	2,278
  6098	
  6099	4,738
  6100	
  6101	-42
  6102	
  6103	2,134
  6104	
  6105	2,143
  6106	
  6107	4,277
  6108	
  6109	-69
  6110	
  6111	-461
  6112	
  6113	182,611
  6114	
  6115	0
  6116	
  6117	182,611
  6118	
  6119	0
  6120	
  6121	182,611
  6122	
  6123	0
  6124	
  6125	0
  6126	
  6127	0
  6128	
  6129	0
  6130	
  6131	0
  6132	
  6133	-182,611
  6134	
  6135	1,144,090
  6136	
  6137	775,513
  6138	
  6139	750,230
  6140	
  6141	393,818
  6142	
  6143	1,144,048
  6144	
  6145	-42
  6146	
  6147	387,412
  6148	
  6149	388,032
  6150	
  6151	775,444
  6152	
  6153	-69
  6154	
  6155	-368,604
  6156	
  6157	25 SS1, CH 6 - Lead Service Line Replacement (PFA)
  6158	
  6159	Total Jobs, Commerce, Ag and Housing
  6160	
  6161	Feb 27, 2026
  6162	
  6163	Minnesota Management Budget
  6164	
  6165	Page 8 of 11
  6166	
  6167	General Fund - Fund Balance Analysis
  6168	
  6169	($ in Thousands)
  6170	
  6171	Nov
  6172	
  6173	Nov
  6174	
  6175	Feb
  6176	
  6177	Feb
  6178	
  6179	Feb
  6180	
  6181	Feb vs Nov
  6182	
  6183	Feb
  6184	
  6185	Feb
  6186	
  6187	Feb
  6188	
  6189	Feb vs Nov
  6190	
  6191	FY 2026-27
  6192	
  6193	FY 2028-29
  6194	
  6195	FY 2026
  6196	
  6197	FY 2027
  6198	
  6199	FY 2026-27
  6200	
  6201	FY 2026-27
  6202	
  6203	FY 2028
  6204	
  6205	FY 2029
  6206	
  6207	FY 2028-29
  6208	
  6209	FY 2028-29
  6210	
  6211	FY 2028-29 vs
  6212	FY 2026-27
  6213	
  6214	State Government & Veterans
  6215	Legislature
  6216	
  6217	325,149
  6218	
  6219	267,522
  6220	
  6221	Governor/Lt Gov Office
  6222	
  6223	18,590
  6224	
  6225	18,462
  6226	
  6227	State Auditor Office
  6228	
  6229	38,741
  6230	
  6231	32,326
  6232	
  6233	Attorney General Office
  6234	
  6235	91,155
  6236	
  6237	88,177
  6238	
  6239	Secretary of State
  6240	
  6241	27,649
  6242	
  6243	41,090
  6244	
  6245	Campaign Finance
  6246	
  6247	11,232
  6248	
  6249	9,175
  6250	
  6251	189,672
  6252	
  6253	135,477
  6254	
  6255	325,149
  6256	
  6257	0
  6258	
  6259	9,359
  6260	
  6261	9,231
  6262	
  6263	18,590
  6264	
  6265	0
  6266	
  6267	22,494
  6268	
  6269	16,247
  6270	
  6271	38,741
  6272	
  6273	0
  6274	
  6275	46,887
  6276	
  6277	44,268
  6278	
  6279	91,155
  6280	
  6281	0
  6282	
  6283	14,695
  6284	
  6285	12,954
  6286	
  6287	27,649
  6288	
  6289	0
  6290	
  6291	4,008
  6292	
  6293	5,508
  6294	
  6295	9,516
  6296	
  6297	-1,716
  6298	
  6299	133,761
  6300	
  6301	133,761
  6302	
  6303	267,522
  6304	
  6305	0
  6306	
  6307	-57,627
  6308	
  6309	9,231
  6310	
  6311	9,231
  6312	
  6313	18,462
  6314	
  6315	0
  6316	
  6317	-128
  6318	
  6319	16,163
  6320	
  6321	16,163
  6322	
  6323	32,326
  6324	
  6325	0
  6326	
  6327	-6,415
  6328	
  6329	44,268
  6330	
  6331	43,909
  6332	
  6333	88,177
  6334	
  6335	0
  6336	
  6337	-2,978
  6338	
  6339	28,136
  6340	
  6341	12,954
  6342	
  6343	41,090
  6344	
  6345	0
  6346	
  6347	13,441
  6348	
  6349	1,953
  6350	
  6351	5,508
  6352	
  6353	7,461
  6354	
  6355	-1,714
  6356	
  6357	-2,055
  6358	
  6359	Investment Board
  6360	
  6361	278
  6362	
  6363	278
  6364	
  6365	139
  6366	
  6367	139
  6368	
  6369	278
  6370	
  6371	0
  6372	
  6373	139
  6374	
  6375	139
  6376	
  6377	278
  6378	
  6379	0
  6380	
  6381	0
  6382	
  6383	MN-IT Services
  6384	
  6385	98,108
  6386	
  6387	22,300
  6388	
  6389	86,958
  6390	
  6391	11,150
  6392	
  6393	98,108
  6394	
  6395	0
  6396	
  6397	11,150
  6398	
  6399	11,150
  6400	
  6401	22,300
  6402	
  6403	0
  6404	
  6405	-75,808
  6406	
  6407	Administrative Hearings Office
  6408	
  6409	2,927
  6410	
  6411	1,954
  6412	
  6413	1,950
  6414	
  6415	977
  6416	
  6417	2,927
  6418	
  6419	0
  6420	
  6421	977
  6422	
  6423	977
  6424	
  6425	1,954
  6426	
  6427	0
  6428	
  6429	-973
  6430	
  6431	Administration, Dept of
  6432	
  6433	168,469
  6434	
  6435	158,530
  6436	
  6437	89,308
  6438	
  6439	79,118
  6440	
  6441	168,426
  6442	
  6443	-43
  6444	
  6445	85,300
  6446	
  6447	73,298
  6448	
  6449	158,598
  6450	
  6451	68
  6452	
  6453	-9,828
  6454	
  6455	Administration Dept, WCRA (OPEN)
  6456	
  6457	1,486
  6458	
  6459	1,638
  6460	
  6461	736
  6462	
  6463	773
  6464	
  6465	1,509
  6466	
  6467	23
  6468	
  6469	812
  6470	
  6471	853
  6472	
  6473	1,665
  6474	
  6475	27
  6476	
  6477	156
  6478	
  6479	Capitol Area Arch Planning Bd
  6480	
  6481	1,553
  6482	
  6483	944
  6484	
  6485	1,081
  6486	
  6487	472
  6488	
  6489	1,553
  6490	
  6491	0
  6492	
  6493	472
  6494	
  6495	472
  6496	
  6497	944
  6498	
  6499	0
  6500	
  6501	-609
  6502	
  6503	Minnesota Management & Budget
  6504	
  6505	126,319
  6506	
  6507	104,624
  6508	
  6509	74,007
  6510	
  6511	52,312
  6512	
  6513	126,319
  6514	
  6515	0
  6516	
  6517	52,312
  6518	
  6519	52,312
  6520	
  6521	104,624
  6522	
  6523	0
  6524	
  6525	-21,695
  6526	
  6527	Revenue, Dept of
  6528	
  6529	430,838
  6530	
  6531	425,402
  6532	
  6533	218,025
  6534	
  6535	212,813
  6536	
  6537	430,838
  6538	
  6539	0
  6540	
  6541	212,751
  6542	
  6543	212,651
  6544	
  6545	425,402
  6546	
  6547	0
  6548	
  6549	-5,436
  6550	
  6551	Revenue, Dept of (OPENS)
  6552	
  6553	2,750
  6554	
  6555	2,750
  6556	
  6557	1,375
  6558	
  6559	1,375
  6560	
  6561	2,750
  6562	
  6563	0
  6564	
  6565	1,375
  6566	
  6567	1,375
  6568	
  6569	2,750
  6570	
  6571	0
  6572	
  6573	0
  6574	
  6575	Amateur Sports Commission
  6576	
  6577	1,728
  6578	
  6579	822
  6580	
  6581	1,317
  6582	
  6583	411
  6584	
  6585	1,728
  6586	
  6587	0
  6588	
  6589	411
  6590	
  6591	411
  6592	
  6593	822
  6594	
  6595	0
  6596	
  6597	-906
  6598	
  6599	Council for Minnesotans of African Heritage
  6600	
  6601	1,826
  6602	
  6603	1,680
  6604	
  6605	986
  6606	
  6607	840
  6608	
  6609	1,826
  6610	
  6611	0
  6612	
  6613	840
  6614	
  6615	840
  6616	
  6617	1,680
  6618	
  6619	0
  6620	
  6621	-146
  6622	
  6623	Minnesota Council on Latino Affairs
  6624	
  6625	1,729
  6626	
  6627	1,510
  6628	
  6629	974
  6630	
  6631	755
  6632	
  6633	1,729
  6634	
  6635	0
  6636	
  6637	755
  6638	
  6639	755
  6640	
  6641	1,510
  6642	
  6643	0
  6644	
  6645	-219
  6646	
  6647	Council on Asian-Pacific Minnesotans
  6648	
  6649	1,471
  6650	
  6651	1,330
  6652	
  6653	806
  6654	
  6655	665
  6656	
  6657	1,471
  6658	
  6659	0
  6660	
  6661	665
  6662	
  6663	665
  6664	
  6665	1,330
  6666	
  6667	0
  6668	
  6669	-141
  6670	
  6671	Indian Affairs Council
  6672	
  6673	3,158
  6674	
  6675	2,804
  6676	
  6677	1,756
  6678	
  6679	1,402
  6680	
  6681	3,158
  6682	
  6683	0
  6684	
  6685	1,402
  6686	
  6687	1,402
  6688	
  6689	2,804
  6690	
  6691	0
  6692	
  6693	-354
  6694	
  6695	Council on LGBTQIA2S+ Minnesotans
  6696	
  6697	1,160
  6698	
  6699	1,130
  6700	
  6701	595
  6702	
  6703	565
  6704	
  6705	1,160
  6706	
  6707	0
  6708	
  6709	565
  6710	
  6711	565
  6712	
  6713	1,130
  6714	
  6715	0
  6716	
  6717	-30
  6718	
  6719	Historical Society
  6720	
  6721	62,932
  6722	
  6723	54,152
  6724	
  6725	35,856
  6726	
  6727	27,076
  6728	
  6729	62,932
  6730	
  6731	0
  6732	
  6733	27,076
  6734	
  6735	27,076
  6736	
  6737	54,152
  6738	
  6739	0
  6740	
  6741	-8,780
  6742	
  6743	State Arts Board
  6744	
  6745	15,915
  6746	
  6747	15,616
  6748	
  6749	8,107
  6750	
  6751	7,808
  6752	
  6753	15,915
  6754	
  6755	0
  6756	
  6757	7,808
  6758	
  6759	7,808
  6760	
  6761	15,616
  6762	
  6763	0
  6764	
  6765	-299
  6766	
  6767	MN Humanities Commission
  6768	
  6769	3,588
  6770	
  6771	1,940
  6772	
  6773	2,618
  6774	
  6775	970
  6776	
  6777	3,588
  6778	
  6779	0
  6780	
  6781	970
  6782	
  6783	970
  6784	
  6785	1,940
  6786	
  6787	0
  6788	
  6789	-1,648
  6790	
  6791	Veterans Affairs, Dept of
  6792	
  6793	300,676
  6794	
  6795	312,096
  6796	
  6797	149,208
  6798	
  6799	151,818
  6800	
  6801	301,026
  6802	
  6803	350
  6804	
  6805	156,248
  6806	
  6807	156,248
  6808	
  6809	312,496
  6810	
  6811	400
  6812	
  6813	11,470
  6814	
  6815	Military Affairs, Dept of
  6816	
  6817	85,461
  6818	
  6819	54,320
  6820	
  6821	52,301
  6822	
  6823	33,160
  6824	
  6825	85,461
  6826	
  6827	0
  6828	
  6829	27,160
  6830	
  6831	27,160
  6832	
  6833	54,320
  6834	
  6835	0
  6836	
  6837	-31,141
  6838	
  6839	Military Affairs, Dept of (OPEN)
  6840	
  6841	4,672
  6842	
  6843	4,672
  6844	
  6845	5,287
  6846	
  6847	2,036
  6848	
  6849	7,323
  6850	
  6851	2,651
  6852	
  6853	2,036
  6854	
  6855	2,036
  6856	
  6857	4,072
  6858	
  6859	-600
  6860	
  6861	-3,251
  6862	
  6863	Accountancy, Bd of
  6864	
  6865	2,017
  6866	
  6867	1,778
  6868	
  6869	1,128
  6870	
  6871	889
  6872	
  6873	2,017
  6874	
  6875	0
  6876	
  6877	889
  6878	
  6879	889
  6880	
  6881	1,778
  6882	
  6883	0
  6884	
  6885	-239
  6886	
  6887	Architectural/Eng, Bd of
  6888	
  6889	2,098
  6890	
  6891	1,886
  6892	
  6893	1,155
  6894	
  6895	943
  6896	
  6897	2,098
  6898	
  6899	0
  6900	
  6901	943
  6902	
  6903	943
  6904	
  6905	1,886
  6906	
  6907	0
  6908	
  6909	-212
  6910	
  6911	Board of Cosmetologist Examiners
  6912	
  6913	8,111
  6914	
  6915	7,432
  6916	
  6917	4,395
  6918	
  6919	3,716
  6920	
  6921	8,111
  6922	
  6923	0
  6924	
  6925	3,716
  6926	
  6927	3,716
  6928	
  6929	7,432
  6930	
  6931	0
  6932	
  6933	-679
  6934	
  6935	Board of Barber Examiners
  6936	
  6937	1,056
  6938	
  6939	932
  6940	
  6941	590
  6942	
  6943	466
  6944	
  6945	1,056
  6946	
  6947	0
  6948	
  6949	466
  6950	
  6951	466
  6952	
  6953	932
  6954	
  6955	0
  6956	
  6957	-124
  6958	
  6959	Feb 27, 2026
  6960	
  6961	Minnesota Management Budget
  6962	
  6963	Page 9 of 11
  6964	
  6965	General Fund - Fund Balance Analysis
  6966	
  6967	($ in Thousands)
  6968	
  6969	Contingent Accounts
  6970	
  6971	Nov
  6972	
  6973	Nov
  6974	
  6975	Feb
  6976	
  6977	Feb
  6978	
  6979	Feb
  6980	
  6981	Feb vs Nov
  6982	
  6983	Feb
  6984	
  6985	Feb
  6986	
  6987	Feb
  6988	
  6989	Feb vs Nov
  6990	
  6991	FY 2026-27
  6992	
  6993	FY 2028-29
  6994	
  6995	FY 2026
  6996	
  6997	FY 2027
  6998	
  6999	FY 2026-27
  7000	
  7001	FY 2026-27
  7002	
  7003	FY 2028
  7004	
  7005	FY 2029
  7006	
  7007	FY 2028-29
  7008	
  7009	FY 2028-29
  7010	
  7011	FY 2028-29 vs
  7012	FY 2026-27
  7013	
  7014	1,500
  7015	
  7016	1,500
  7017	
  7018	1,500
  7019	
  7020	0
  7021	
  7022	1,500
  7023	
  7024	0
  7025	
  7026	1,500
  7027	
  7028	0
  7029	
  7030	1,500
  7031	
  7032	0
  7033	
  7034	0
  7035	
  7036	322
  7037	
  7038	322
  7039	
  7040	161
  7041	
  7042	161
  7043	
  7044	322
  7045	
  7046	0
  7047	
  7048	161
  7049	
  7050	161
  7051	
  7052	322
  7053	
  7054	0
  7055	
  7056	0
  7057	
  7058	Consolidated Leg & Const Officers Retire (OPEN)
  7059	
  7060	17,259
  7061	
  7062	16,617
  7063	
  7064	8,304
  7065	
  7066	8,342
  7067	
  7068	16,646
  7069	
  7070	-613
  7071	
  7072	7,368
  7073	
  7074	8,262
  7075	
  7076	15,630
  7077	
  7078	-987
  7079	
  7080	-1,016
  7081	
  7082	Judges Plan Direct Appropriation
  7083	
  7084	12,000
  7085	
  7086	12,000
  7087	
  7088	6,000
  7089	
  7090	6,000
  7091	
  7092	12,000
  7093	
  7094	0
  7095	
  7096	6,000
  7097	
  7098	6,000
  7099	
  7100	12,000
  7101	
  7102	0
  7103	
  7104	0
  7105	
  7106	18, CH 211 - Pension, PERA Police and Fire
  7107	
  7108	18,000
  7109	
  7110	18,000
  7111	
  7112	9,000
  7113	
  7114	9,000
  7115	
  7116	18,000
  7117	
  7118	0
  7119	
  7120	9,000
  7121	
  7122	9,000
  7123	
  7124	18,000
  7125	
  7126	0
  7127	
  7128	0
  7129	
  7130	PERA/Mpls Employee Retirement Aid (OPEN)
  7131	
  7132	32,000
  7133	
  7134	32,000
  7135	
  7136	16,000
  7137	
  7138	16,000
  7139	
  7140	32,000
  7141	
  7142	0
  7143	
  7144	16,000
  7145	
  7146	16,000
  7147	
  7148	32,000
  7149	
  7150	0
  7151	
  7152	0
  7153	
  7154	1993 TRA/Mpls Teacher Retire Aid (OPEN)
  7155	
  7156	5,000
  7157	
  7158	5,000
  7159	
  7160	2,500
  7161	
  7162	2,500
  7163	
  7164	5,000
  7165	
  7166	0
  7167	
  7168	2,500
  7169	
  7170	2,500
  7171	
  7172	5,000
  7173	
  7174	0
  7175	
  7176	0
  7177	
  7178	1997 TRA/Mpls Teacher Retire Aid (OPEN)
  7179	
  7180	54,662
  7181	
  7182	54,662
  7183	
  7184	27,331
  7185	
  7186	27,331
  7187	
  7188	54,662
  7189	
  7190	0
  7191	
  7192	27,331
  7193	
  7194	27,331
  7195	
  7196	54,662
  7197	
  7198	0
  7199	
  7200	0
  7201	
  7202	St Paul Teacher Retirement Aid 1997 (OPEN)
  7203	
  7204	29,654
  7205	
  7206	29,654
  7207	
  7208	14,827
  7209	
  7210	14,827
  7211	
  7212	29,654
  7213	
  7214	0
  7215	
  7216	14,827
  7217	
  7218	14,827
  7219	
  7220	29,654
  7221	
  7222	0
  7223	
  7224	0
  7225	
  7226	2,013,239
  7227	
  7228	1,809,027
  7229	
  7230	1,113,396
  7231	
  7232	900,495
  7233	
  7234	2,013,891
  7235	
  7236	652
  7237	
  7238	915,437
  7239	
  7240	890,784
  7241	
  7242	1,806,221
  7243	
  7244	-2,806
  7245	
  7246	-207,670
  7247	
  7248	Tort Claims
  7249	
  7250	Subtotal State Government & Veterans
  7251	MMB Non-Operating (OPEN)
  7252	
  7253	9,765
  7254	
  7255	10,765
  7256	
  7257	4,763
  7258	
  7259	5,002
  7260	
  7261	9,765
  7262	
  7263	0
  7264	
  7265	5,252
  7266	
  7267	5,513
  7268	
  7269	10,765
  7270	
  7271	0
  7272	
  7273	1,000
  7274	
  7275	Indirect Cost Receipts Offset
  7276	
  7277	-69,992
  7278	
  7279	-65,482
  7280	
  7281	-37,787
  7282	
  7283	-33,063
  7284	
  7285	-70,850
  7286	
  7287	-858
  7288	
  7289	-33,063
  7290	
  7291	-33,063
  7292	
  7293	-66,126
  7294	
  7295	-644
  7296	
  7297	4,724
  7298	
  7299	25, CH 37 MSRS State Patrol COLA Modifications
  7300	
  7301	4,600
  7302	
  7303	4,600
  7304	
  7305	2,300
  7306	
  7307	2,300
  7308	
  7309	4,600
  7310	
  7311	0
  7312	
  7313	2,300
  7314	
  7315	2,300
  7316	
  7317	4,600
  7318	
  7319	0
  7320	
  7321	0
  7322	
  7323	25, CH 37 PERA P&F COLA Modifications
  7324	
  7325	35,400
  7326	
  7327	35,400
  7328	
  7329	17,700
  7330	
  7331	17,700
  7332	
  7333	35,400
  7334	
  7335	0
  7336	
  7337	17,700
  7338	
  7339	17,700
  7340	
  7341	35,400
  7342	
  7343	0
  7344	
  7345	0
  7346	
  7347	65
  7348	
  7349	0
  7350	
  7351	65
  7352	
  7353	0
  7354	
  7355	65
  7356	
  7357	0
  7358	
  7359	0
  7360	
  7361	0
  7362	
  7363	0
  7364	
  7365	0
  7366	
  7367	-65
  7368	
  7369	1,993,077
  7370	
  7371	1,794,310
  7372	
  7373	1,100,437
  7374	
  7375	892,434
  7376	
  7377	1,992,871
  7378	
  7379	-206
  7380	
  7381	907,626
  7382	
  7383	883,234
  7384	
  7385	1,790,860
  7386	
  7387	-3,450
  7388	
  7389	-202,011
  7390	
  7391	1,164,691
  7392	
  7393	1,218,217
  7394	
  7395	550,289
  7396	
  7397	613,234
  7398	
  7399	1,163,523
  7400	
  7401	-1,168
  7402	
  7403	613,073
  7404	
  7405	601,879
  7406	
  7407	1,214,952
  7408	
  7409	-3,265
  7410	
  7411	51,429
  7412	
  7413	1,164,691
  7414	
  7415	1,218,217
  7416	
  7417	550,289
  7418	
  7419	613,234
  7420	
  7421	1,163,523
  7422	
  7423	-1,168
  7424	
  7425	613,073
  7426	
  7427	601,879
  7428	
  7429	1,214,952
  7430	
  7431	-3,265
  7432	
  7433	51,429
  7434	
  7435	25, CH 26 - Claims Bill
  7436	
  7437	Total State Government & Veterans
  7438	
  7439	Debt Service
  7440	Debt Service
  7441	
  7442	Total Debt Service
  7443	
  7444	Feb 27, 2026
  7445	
  7446	Minnesota Management Budget
  7447	
  7448	Page 10 of 11
  7449	
  7450	General Fund - Fund Balance Analysis
  7451	
  7452	($ in Thousands)
  7453	
  7454	Nov
  7455	
  7456	Nov
  7457	
  7458	Feb
  7459	
  7460	Feb
  7461	
  7462	Feb
  7463	
  7464	Feb vs Nov
  7465	
  7466	Feb
  7467	
  7468	Feb
  7469	
  7470	Feb
  7471	
  7472	Feb vs Nov
  7473	
  7474	FY 2026-27
  7475	
  7476	FY 2028-29
  7477	
  7478	FY 2026
  7479	
  7480	FY 2027
  7481	
  7482	FY 2026-27
  7483	
  7484	FY 2026-27
  7485	
  7486	FY 2028
  7487	
  7488	FY 2029
  7489	
  7490	FY 2028-29
  7491	
  7492	FY 2028-29
  7493	
  7494	FY 2028-29 vs
  7495	FY 2026-27
  7496	
  7497	Capital Projects
  7498	08, CH 179 - Housing Finance Agency (TR OUT)
  7499	
  7500	4,792
  7501	
  7502	4,794
  7503	
  7504	2,396
  7505	
  7506	2,396
  7507	
  7508	4,792
  7509	
  7510	0
  7511	
  7512	2,396
  7513	
  7514	2,398
  7515	
  7516	4,794
  7517	
  7518	0
  7519	
  7520	2
  7521	
  7522	14, CH 295 - Housing Finance Agency (TR OUT)
  7523	
  7524	12,787
  7525	
  7526	12,786
  7527	
  7528	6,394
  7529	
  7530	6,393
  7531	
  7532	12,787
  7533	
  7534	0
  7535	
  7536	6,391
  7537	
  7538	6,395
  7539	
  7540	12,786
  7541	
  7542	0
  7543	
  7544	-1
  7545	
  7546	12, CH 293 - Housing Finance Agency (TR OUT)
  7547	
  7548	4,076
  7549	
  7550	4,074
  7551	
  7552	2,036
  7553	
  7554	2,040
  7555	
  7556	4,076
  7557	
  7558	0
  7559	
  7560	2,036
  7561	
  7562	2,038
  7563	
  7564	4,074
  7565	
  7566	0
  7567	
  7568	-2
  7569	
  7570	15, SS1, CH 5 - Housing Finance Agency (TR OUT)
  7571	
  7572	1,594
  7573	
  7574	1,597
  7575	
  7576	798
  7577	
  7578	796
  7579	
  7580	1,594
  7581	
  7582	0
  7583	
  7584	798
  7585	
  7586	799
  7587	
  7588	1,597
  7589	
  7590	0
  7591	
  7592	3
  7593	
  7594	17, SS1, CH 8 - Housing Finance Agency (TR OUT)
  7595	
  7596	4,684
  7597	
  7598	4,678
  7599	
  7600	2,339
  7601	
  7602	2,345
  7603	
  7604	4,684
  7605	
  7606	0
  7607	
  7608	2,339
  7609	
  7610	2,339
  7611	
  7612	4,678
  7613	
  7614	0
  7615	
  7616	-6
  7617	
  7618	18, CH 214 - Housing Finance Agency (TR OUT)
  7619	
  7620	11,182
  7621	
  7622	11,188
  7623	
  7624	5,589
  7625	
  7626	5,593
  7627	
  7628	11,182
  7629	
  7630	0
  7631	
  7632	5,592
  7633	
  7634	5,596
  7635	
  7636	11,188
  7637	
  7638	0
  7639	
  7640	6
  7641	
  7642	19, SS1, CH 13 - Housing Finance Agency (TR OUT)
  7643	
  7644	8,120
  7645	
  7646	8,118
  7647	
  7648	4,057
  7649	
  7650	4,063
  7651	
  7652	8,120
  7653	
  7654	0
  7655	
  7656	4,060
  7657	
  7658	4,058
  7659	
  7660	8,118
  7661	
  7662	0
  7663	
  7664	-2
  7665	
  7666	20, SS5, CH 3 - Housing Finance Agency (TR OUT)
  7667	
  7668	14,510
  7669	
  7670	14,521
  7671	
  7672	7,253
  7673	
  7674	7,257
  7675	
  7676	14,510
  7677	
  7678	0
  7679	
  7680	7,262
  7681	
  7682	7,259
  7683	
  7684	14,521
  7685	
  7686	0
  7687	
  7688	11
  7689	
  7690	21, SS1, CH 8 - Housing Finance Agency (TR OUT)
  7691	
  7692	14,927
  7693	
  7694	14,915
  7695	
  7696	7,462
  7697	
  7698	7,465
  7699	
  7700	14,927
  7701	
  7702	0
  7703	
  7704	7,459
  7705	
  7706	7,456
  7707	
  7708	14,915
  7709	
  7710	0
  7711	
  7712	-12
  7713	
  7714	24, CH 127 - Housing Finance Agency (TR OUT)
  7715	
  7716	3,652
  7717	
  7718	7,308
  7719	
  7720	0
  7721	
  7722	3,652
  7723	
  7724	3,652
  7725	
  7726	0
  7727	
  7728	3,656
  7729	
  7730	3,652
  7731	
  7732	7,308
  7733	
  7734	0
  7735	
  7736	3,656
  7737	
  7738	25, CH 32 Housing Finance Agency (TR OUT)
  7739	
  7740	0
  7741	
  7742	3,800
  7743	
  7744	0
  7745	
  7746	0
  7747	
  7748	0
  7749	
  7750	0
  7751	
  7752	1,000
  7753	
  7754	2,800
  7755	
  7756	3,800
  7757	
  7758	0
  7759	
  7760	3,800
  7761	
  7762	08, CH 179 - UofM Biomed Research Facility
  7763	
  7764	27,842
  7765	
  7766	27,838
  7767	
  7768	13,922
  7769	
  7770	13,920
  7771	
  7772	27,842
  7773	
  7774	0
  7775	
  7776	13,920
  7777	
  7778	13,918
  7779	
  7780	27,838
  7781	
  7782	0
  7783	
  7784	-4
  7785	
  7786	06, CH 247 - UofM Stadium
  7787	
  7788	20,500
  7789	
  7790	20,500
  7791	
  7792	10,250
  7793	
  7794	10,250
  7795	
  7796	20,500
  7797	
  7798	0
  7799	
  7800	10,250
  7801	
  7802	10,250
  7803	
  7804	20,500
  7805	
  7806	0
  7807	
  7808	0
  7809	
  7810	State Appropriation Refunding Bonds (TR OUT)
  7811	
  7812	105,757
  7813	
  7814	108,477
  7815	
  7816	52,267
  7817	
  7818	53,490
  7819	
  7820	105,757
  7821	
  7822	0
  7823	
  7824	53,974
  7825	
  7826	54,503
  7827	
  7828	108,477
  7829	
  7830	0
  7831	
  7832	2,720
  7833	
  7834	12, CH 299 - Grants To St Paul, Pmts to MSFA for MPLS
  7835	
  7836	25,765
  7837	
  7838	26,808
  7839	
  7840	12,741
  7841	
  7842	12,870
  7843	
  7844	25,611
  7845	
  7846	-154
  7847	
  7848	13,124
  7849	
  7850	13,354
  7851	
  7852	26,478
  7853	
  7854	-330
  7855	
  7856	867
  7857	
  7858	436
  7859	
  7860	434
  7861	
  7862	218
  7863	
  7864	218
  7865	
  7866	436
  7867	
  7868	0
  7869	
  7870	217
  7871	
  7872	217
  7873	
  7874	434
  7875	
  7876	0
  7877	
  7878	-2
  7879	
  7880	20, SS5, CH 3 - MPCA Response to Releases Debt Service
  7881	
  7882	3,823
  7883	
  7884	3,814
  7885	
  7886	1,913
  7887	
  7888	1,910
  7889	
  7890	3,823
  7891	
  7892	0
  7893	
  7894	1,907
  7895	
  7896	1,907
  7897	
  7898	3,814
  7899	
  7900	0
  7901	
  7902	-9
  7903	
  7904	20, SS5, CH 3 - Minnesota Public TV Debt Service
  7905	
  7906	3,255
  7907	
  7908	3,252
  7909	
  7910	1,628
  7911	
  7912	1,627
  7913	
  7914	3,255
  7915	
  7916	0
  7917	
  7918	1,625
  7919	
  7920	1,627
  7921	
  7922	3,252
  7923	
  7924	0
  7925	
  7926	-3
  7927	
  7928	0
  7929	
  7930	0
  7931	
  7932	0
  7933	
  7934	0
  7935	
  7936	0
  7937	
  7938	0
  7939	
  7940	0
  7941	
  7942	0
  7943	
  7944	0
  7945	
  7946	0
  7947	
  7948	0
  7949	
  7950	2,675
  7951	
  7952	0
  7953	
  7954	2,675
  7955	
  7956	0
  7957	
  7958	2,675
  7959	
  7960	0
  7961	
  7962	0
  7963	
  7964	0
  7965	
  7966	0
  7967	
  7968	0
  7969	
  7970	-2,675
  7971	
  7972	292,024
  7973	
  7974	300,788
  7975	
  7976	144,590
  7977	
  7978	147,074
  7979	
  7980	291,664
  7981	
  7982	-360
  7983	
  7984	148,876
  7985	
  7986	151,494
  7987	
  7988	300,370
  7989	
  7990	-418
  7991	
  7992	8,706
  7993	
  7994	Cancellation Estimates
  7995	
  7996	-99,000
  7997	
  7998	-99,000
  7999	
  8000	-23,000
  8001	
  8002	-76,000
  8003	
  8004	-99,000
  8005	
  8006	0
  8007	
  8008	-23,000
  8009	
  8010	-76,000
  8011	
  8012	-99,000
  8013	
  8014	0
  8015	
  8016	0
  8017	
  8018	Total Cancellation Estimates
  8019	
  8020	-99,000
  8021	
  8022	-99,000
  8023	
  8024	-23,000
  8025	
  8026	-76,000
  8027	
  8028	-99,000
  8029	
  8030	0
  8031	
  8032	-23,000
  8033	
  8034	-76,000
  8035	
  8036	-99,000
  8037	
  8038	0
  8039	
  8040	0
  8041	
  8042	Estimated Inflation
  8043	
  8044	0
  8045	
  8046	935,265
  8047	
  8048	0
  8049	
  8050	0
  8051	
  8052	0
  8053	
  8054	0
  8055	
  8056	346,487
  8057	
  8058	692,483
  8059	
  8060	1,038,970
  8061	
  8062	103,705
  8063	
  8064	1,038,970
  8065	
  8066	Total Inflation Estimates
  8067	
  8068	0
  8069	
  8070	935,265
  8071	
  8072	0
  8073	
  8074	0
  8075	
  8076	0
  8077	
  8078	0
  8079	
  8080	346,487
  8081	
  8082	692,483
  8083	
  8084	1,038,970
  8085	
  8086	103,705
  8087	
  8088	1,038,970
  8089	
  8090	350,000
  8091	
  8092	350,000
  8093	
  8094	350,000
  8095	
  8096	350,000
  8097	
  8098	350,000
  8099	
  8100	0
  8101	
  8102	350,000
  8103	
  8104	350,000
  8105	
  8106	350,000
  8107	
  8108	0
  8109	
  8110	0
  8111	
  8112	3,421,764
  8113	
  8114	3,421,764
  8115	
  8116	3,421,764
  8117	
  8118	3,421,764
  8119	
  8120	3,421,764
  8121	
  8122	0
  8123	
  8124	3,421,764
  8125	
  8126	3,421,764
  8127	
  8128	3,421,764
  8129	
  8130	0
  8131	
  8132	0
  8133	
  8134	3,771,764
  8135	
  8136	3,771,764
  8137	
  8138	3,771,764
  8139	
  8140	3,771,764
  8141	
  8142	3,771,764
  8143	
  8144	0
  8145	
  8146	3,771,764
  8147	
  8148	3,771,764
  8149	
  8150	3,771,764
  8151	
  8152	0
  8153	
  8154	0
  8155	
  8156	20, SS5, CH 3 - ADM Electric Vehicle Infrastructure Debt Service
  8157	
  8158	23, CH 71 & CH 72 - Cash Capital Projects
  8159	25, CH 14 - Cash Capital Projects
  8160	
  8161	Total Capital Projects
  8162	
  8163	Cancellation Estimates
  8164	
  8165	Estimated Inflation
  8166	
  8167	Reserve & Appropriation Carried Forward
  8168	Cash Flow Account
  8169	Budget Reserve Account
  8170	
  8171	Total Reserve & Appropriation Carried Forward
  8172	
  8173	Feb 27, 2026
  8174	
  8175	Minnesota Management Budget
  8176	
  8177	Page 11 of 11
  8178	
  8179	
